-1.2940546979e+00
-5.3528576088e-02
-6.8497559999e+00
-1.1236954161e-01
7.8074569322e-01
-2.7588880668e-01
-2.2756575899e-01
-7.1416181263e-01
-1.6320609301e-01
-1.5423318637e+00
-3.3522831557e-02
-2.0631632991e-01
-8.4816934019e-02
-2.5299785065e+00
-2.5866323481e-01
7.5352046945e-02
-4.5389203557e-02
-1.5451959164e-01
-1.2325866935e-01
1.6616022398e-02
-1.4786913038e+00
-2.1757808218e-01
9.9567594718e-01
-1.2561976196e+00
1.2704969251e-01
-1.2479800726e-01
-1.4420149852e-01
4.1800144709e-02
-4.1425066466e-01
-2.8106808819e-01
1.1291974685e-01
5.8450008060e-01
-3.3519882949e-01
-2.4134809210e-02
-2.9488443076e-01
1.3355492981e+00
-9.0287132599e-02
-1.3817359582e-01
5.2600395160e-01
-6.4204807020e-01
-3.2821417062e-01
5.9871136081e-02
1.2648268703e+00
6.9692695616e+00
-1.5802429408e-01
3.9754645078e-01
6.3257348564e-02
2.4901457146e-01
-1.0600134884e+00
-2.3682612118e-01
-2.1267853856e+00
-8.0216515712e-01
1.6225845972e+00
-3.0370799103e-01
-5.5554161052e-01
2.0557720919e+00
-1.4164862556e+00
-1.5187284608e-01
1.7996304106e-01
-6.5453663051e-02
4.8505021944e-01
-1.9632146428e-01
7.2952178171e-03
4.2514166251e-01
-3.1598512296e-01
1.4067381336e-01
5.4930827990e-01
-6.2446430218e-02
-2.0919838247e-02
-2.2233374785e-01
8.0731772847e-01
2.4376576752e-01
-1.8827238065e-01
6.3444539710e-01
-2.0442694417e-01
2.2199571329e+00
-6.8151039590e+00
3.4291609068e-01
8.1483188070e-01
-2.3284400427e-01
-6.8754793943e+00
1.4127116889e-01
-1.1224159794e-01
5.9985005216e-01
2.1449443415e-01
-2.8184475751e-01
-1.7436131581e-02
1.0573171976e-01
-4.4312520386e-01
-4.6105694445e-01
3.4012906405e-01
1.4953598023e-01
4.4162192102e-02
3.2781696449e-01
1.2823487776e+00
2.4801846998e-01
6.9037635403e-02
5.6474072293e-02
-4.2952601104e-01
1.3662730682e+00
4.6842595280e-02
2.1641393155e-01
8.7062630016e-01
7.0000772842e+00
-1.4571192588e-01
-2.0175824137e-01
1.4271690652e-01
-6.4440960162e-01
1.1081968824e-01
-3.5838102791e-01
2.6034120086e-01
3.0368931935e-01
1.0269234684e-01
1.5269279284e+00
-2.8997225640e+00
-3.2249044401e-02
2.0802061768e+00
9.0399167614e-01
-2.5202915145e-01
2.3418281650e+00
2.8049398445e-01
1.0277548754e+00
-6.7420413430e+00
1.2661362621e-01
1.6848434581e-01
-3.7620492653e+00
-1.5908792890e-01
1.5670066432e+00
1.2558373533e+00
-7.0654368980e-02
-1.6677078203e-01
1.6173438772e-02
-8.6733902114e-03
-3.0016633786e-01
2.2221124388e-01
-4.5578021368e-01
-6.7433326156e-02
3.5644104716e-01
2.7558410881e-01
1.9455031806e-01
1.7894319745e+00
7.0389873851e+00
7.9884350580e-02
4.2852562367e-01
