3.1444495520e-01
1.1517967962e+00
-1.3247241551e+00
-1.5223903547e-01
2.8777193640e-01
-6.3055559592e-01
1.9213507968e-01
2.1443287909e+00
4.3856432019e-01
1.3067863980e+00
-7.2096666492e-02
-1.2982323348e-01
-1.0264107690e+00
-3.5171907333e-01
6.3946679658e-01
1.6523914652e-01
-1.1214047847e+00
-2.6413774395e-02
9.9914056888e-01
9.4204007786e-02
1.5817187254e+00
-1.6579105553e+00
7.7216253896e-01
-2.7880432781e-01
-1.9489194990e-01
4.7395501572e-01
1.3346763711e+00
-9.6611898541e-01
-2.0146363153e+00
-2.9809347087e-01
5.5941420031e-01
2.2920643035e-01
-2.4062218318e-01
-5.2900533417e-02
1.5914229204e+00
1.4377160767e+00
-1.6902516594e+00
-2.0055482432e+00
-6.1625878650e-01
-1.7387439662e-01
-1.2152736221e+00
-7.7394696735e-01
1.1355144518e+00
-1.7603177108e+00
-1.1198674624e+00
-5.2774188028e-01
-9.3931118226e-01
5.8951938494e-01
-1.1641672330e+00
9.7939300356e-01
6.7541576385e-01
3.5339436386e-01
7.7306432155e-01
-1.2418606344e-01
