1.8879741823e+00
1.2476612287e+00
6.9072715430e-01
-1.3780329354e-01
-4.6377849793e-01
-7.7130174672e-01
-5.2075347916e-01
1.0642549672e+00
6.3242797056e-01
-2.4991063751e+00
8.8614263909e-01
-5.0261684415e-01
5.9543814524e-01
1.7998729124e+00
9.3531666413e-01
-3.7519890557e-01
-1.5071186282e-01
-4.6731876783e-01
5.7021117603e-01
1.4860875965e+00
2.1465087918e+00
-5.5817196078e-01
-4.6218843955e-01
2.5293455598e+00
-1.0500049265e+00
1.8710005232e+00
-2.2307624404e-01
-1.0501044847e-01
-1.0548364086e+00
-6.0843884221e-01
-2.0339414744e-01
1.7581372517e+00
2.1748045183e+00
4.8115004358e-01
7.1510811514e-01
-7.3406522051e-01
7.0359324939e-01
9.4497303992e-01
1.9423263006e+00
8.7321289009e-01
1.2280712782e-01
4.7926394413e-01
-3.5110958124e-01
7.2701688483e-01
1.6347557623e+00
8.4341540231e-01
1.1995679788e+00
-1.0531981418e+00
-1.3274735887e-01
-2.6735834500e-01
1.3914610994e+00
8.6826674769e-01
1.3002634037e+00
7.2529266411e-01
1.2789974876e+00
-2.4855009293e+00
2.0626050052e+00
-1.1610970347e+00
-1.6537791163e+00
-5.0569297517e-01
-7.3370542393e-01
7.5604562081e-01
1.7453701488e+00
8.1123529624e-01
-7.1948279198e-01
-1.1272595470e+00
9.5524746774e-03
9.7769133981e-01
-8.6137950471e-01
9.9268799187e-01
-5.5426353431e-01
-2.4081614824e-01
-1.0635370796e+00
2.5009695770e-02
1.1944253039e+00
-1.1930620632e+00
9.6634711979e-01
6.1392800999e-01
-4.7443559390e-01
1.9461301908e+00
8.3545399171e-01
-7.8397416590e-02
8.4276476274e-01
-1.1986153239e-02
5.2875263913e-01
1.1077830592e+00
-8.3668508840e-01
1.8446725079e+00
-4.6617759652e-01
-1.9410545738e+00
1.1904142284e+00
7.7633374214e-01
-2.4127517788e-01
1.3443682384e+00
1.0230891215e+00
-1.3685337686e-01
7.1377857328e-01
-1.7896613837e+00
8.6510744845e-01
6.7290195644e-02
-8.9690030403e-01
-1.4526439285e-01
1.3242049024e+00
-7.0235059862e-01
-2.5146535164e-01
8.7234392045e-01
1.2194910158e+00
-2.3686329897e-01
1.4390675106e-01
5.4982919538e-01
5.7536795351e-02
-1.5880672525e+00
-1.5904461392e+00
1.8477428523e+00
-2.2422656586e-01
8.5636494234e-01
8.6228237702e-01
4.2494420262e-01
4.0024501435e-01
1.1228313758e+00
2.7404521835e-01
5.1180344738e-01
1.6662880466e+00
1.1846022867e+00
1.5180485709e+00
-9.1410799024e-02
9.1530020766e-01
-2.5343016481e-01
-9.5414547005e-01
-1.6440699379e+00
-1.6340851066e+00
7.6319657027e-01
1.0375944477e+00
1.4998379715e-01
-9.0793273822e-03
-6.0707054333e-01
-6.3853195402e-01
6.8762279354e-01
7.7424725977e-01
8.4547023986e-01
-6.6126140333e-01
2.7797252513e-01
-5.4493116077e-01
-2.4580047855e-01
