-1.7321498692e+00
-1.9843680161e+00
-1.3386857817e+00
-2.0275104120e+00
-4.2509530521e-01
-1.7234357847e+00
-8.1444442590e-01
-2.5267060473e+00
-3.1778381038e+00
-1.7916606059e+00
-6.3502969772e-01
-1.0325012969e-02
-1.0842341091e+00
5.5144574711e-03
-1.3636662208e+00
-1.7421686733e+00
-1.2871372992e+00
-1.9215411235e+00
-3.5144686522e-01
-1.1090605123e+00
-4.2466579255e-01
-8.7436880325e-01
-1.9065591180e+00
-1.2547807942e+00
-2.6502832492e+00
-1.2780288024e+00
-6.6935262466e-01
-2.9770623606e+00
-2.1080597961e+00
-3.2042678016e-01
-2.6251798461e+00
-7.9628270975e-01
-2.3461173770e+00
-1.8085556588e+00
2.8838137628e-01
-3.9927464219e-01
-7.1648631325e-01
-4.5421024141e-01
-3.4381705286e+00
-1.3674882593e+00
-2.2589141000e+00
-1.0065702654e+00
-1.9654853400e-01
-1.4435441810e+00
-2.3670552318e-01
-1.9820017935e+00
-1.4811407712e+00
-1.1346760708e+00
-9.3593888557e-01
-1.2040878865e+00
-1.3727753904e+00
-2.0890233034e+00
-1.3722560100e+00
-6.6439503121e-01
-7.0733661824e-01
-2.0326517129e+00
-2.7172315930e+00
-2.1220526888e+00
-2.1871888313e+00
-2.8236290562e+00
3.1798295435e-01
-1.7215023814e+00
-4.6021268381e-01
-1.8174753058e+00
-1.4567652338e+00
-1.9850116802e+00
-1.2880937521e+00
-1.2621298406e+00
-1.7542821188e+00
-6.4338493772e-01
-2.2293266920e+00
-2.2386788137e+00
-1.0906998045e+00
-1.1307524744e+00
-1.2105983974e+00
-1.1708307022e+00
-1.8418439726e+00
-8.5673931607e-01
-2.4648199731e+00
-1.9189570306e+00
-1.5702733583e+00
-1.7320376002e+00
-2.3692775382e+00
-3.1602970493e+00
-5.4677113872e-01
-2.2260893953e+00
-1.4825520490e+00
-2.9471553076e-01
-9.1779423847e-01
-2.0416797156e+00
-1.0979158079e+00
-1.0925934729e+00
-7.3400550709e-01
-1.7253761970e+00
-1.7957717649e+00
-1.3829128724e+00
1.1876272903e+00
4.5516315323e-01
2.2170024940e-01
-5.3843293404e-01
-1.1047238447e-01
-1.0411379893e+00
-5.5215063441e-01
-9.7400667891e-01
-2.2700657563e+00
-8.0021343095e-01
-1.0306893983e+00
1.7213344422e-01
-2.2047289116e+00
-1.3134500857e+00
-2.3628888212e+00
-2.0475474006e+00
-2.2712023088e+00
-1.8139817999e+00
-1.9405616724e+00
5.6081330573e-02
-1.9047338788e+00
-1.5066273398e+00
4.0593125017e-01
-1.2502507134e+00
-1.4020372245e+00
-7.6486344636e-01
5.3356739719e-01
-2.5766786191e+00
-1.1096187875e+00
-9.8092692326e-01
-7.8022637486e-01
-6.6899896604e-02
-1.6706599335e+00
-1.0456169304e+00
-2.0923802196e+00
2.3384020243e-01
-8.8981003086e-01
-2.0639072872e+00
-2.4301999630e+00
1.7598956828e-01
-1.3247802356e+00
-1.3251550911e+00
3.3000706322e-01
-2.1952949042e+00
-1.0523389523e+00
-2.1672677048e+00
-1.8363834777e+00
-9.5450692025e-01
-2.1625074568e+00
4.3377479825e-01
2.7162132080e-01
-3.1406332984e-01
-1.9629102326e-01
-1.0531894875e+00
2.7561716063e-01
1.7243000071e+00
5.1490293929e-01
-1.1698709643e+00
1.0572763925e-01
-2.2107605217e-01
-1.4722605564e+00
-1.0639252901e+00
-9.4953306454e-02
-1.8562707100e-01
-1.4518692590e-01
-9.6085893839e-01
-9.4468924802e-01
-4.3037082201e-01
4.5786620138e-01
-6.2774546502e-03
-5.4487943345e-01
-3.2547501144e+00
-1.1317484567e+00
-1.1261249434e+00
-2.1605503709e+00
-1.6176760492e+00
-7.3417413495e-01
-1.8723218861e+00
-9.3580729513e-01
2.1647970912e-02
-7.5732251468e-01
-1.5416275771e-01
9.2681946913e-01
-3.7622173757e-01
1.3202626621e+00
1.4254838612e+00
-1.2522476685e+00
1.1782570629e-01
-1.6155584338e-01
-3.8147715706e-01
-1.5940321749e-01
-3.4492349266e-01
-1.2498187365e+00
-9.6869669854e-01
-1.3568445481e+00
-1.1792588061e+00
-1.9626817990e+00
-1.5900370268e+00
-2.7389810868e-01
6.8928468451e-01
-2.5655671771e+00
-3.1211656946e+00
-1.1790401018e+00
8.4625217865e-01
-2.1335809698e+00
-1.6384831430e-02
-8.0042504431e-01
-2.7066618713e-01
-7.3984521057e-01
-9.6699281334e-01
-1.0687196532e+00
-8.2660785789e-01
-1.2829356441e-02
1.6136444235e-01
-8.9054925099e-01
-5.9884697449e-01
-8.4028506695e-01
-7.5119387855e-01
1.1774988819e+00
9.7051710561e-01
-3.8305446616e-01
-5.8415181526e-03
-1.3708712785e+00
-2.5995198488e-01
-8.9880314382e-01
-1.7960052559e+00
-2.5362211755e+00
-1.8372171228e+00
-1.9841800991e+00
-4.3408572818e-01
-1.1837551876e+00
-1.8605847306e+00
-1.0663232901e+00
-1.2845793966e+00
-5.7583099884e-01
-2.0596135933e+00
-4.9168823849e-01
-9.0162494021e-01
4.2129137158e-01
-7.7759087181e-01
-8.8822097363e-01
5.3050651301e-01
-4.0838317715e-01
2.8850570528e-01
3.1286266379e-01
1.3475976537e+00
-5.7050119612e-01
-3.1942583046e-01
-7.8858138162e-01
-1.3734558299e+00
8.1946793863e-01
5.8710620866e-01
-1.5429426137e+00
-2.8743264409e+00
-1.5635511756e+00
-3.9206776083e-01
-6.8579544893e-01
-1.9237464788e+00
-1.5008446859e+00
-1.8600778364e+00
-2.4349792079e+00
-1.9432106365e+00
-8.8138818998e-01
-1.1993992379e+00
-6.4595967802e-01
9.7349944382e-01
5.2183232871e-01
-1.0646394865e+00
-5.8481821567e-01
-1.1470357843e+00
1.0869137951e+00
-8.7620150088e-01
2.7008600579e-02
-7.6342621934e-01
-1.1014703913e+00
5.3876428946e-01
-1.1967636240e+00
-5.1319829547e-01
-4.1508620630e-01
3.7076443668e-01
-8.7230086966e-02
7.4879481484e-02
-2.4212157256e+00
-2.7257043030e+00
-1.4281135270e+00
-1.7398232502e+00
-1.9710091754e+00
-8.7161458709e-02
1.5945440121e-01
-1.2182713944e+00
-2.6758612330e-01
-1.0835747368e+00
-1.6648189441e+00
4.8495082520e-01
-1.1029139870e+00
5.3255813560e-02
1.2887719951e+00
5.0740767528e-01
6.2800642449e-01
-1.7302555402e+00
-1.5417898918e+00
5.7929810832e-01
-4.4720289857e-01
-3.7962838050e-01
1.0641450711e-01
-3.4393460126e-01
-6.8195309381e-01
-1.1373274733e+00
-8.0991294887e-01
-2.1372766841e+00
-3.6607512464e-01
-4.1116820330e-01
-2.1309425284e+00
-8.1274504260e-01
-1.7498597655e-01
-9.4802037802e-01
-3.2160780324e-01
-5.8984634160e-01
-1.7483771703e+00
2.5401518952e-01
-4.2687358761e-01
-4.5323252239e-02
-1.0589469686e+00
-9.1530009067e-01
-4.0222955821e-01
-1.6052491913e+00
2.3885110235e-01
5.8394853434e-01
-1.5025436765e-01
-3.7319608821e-01
-9.7425021013e-01
1.5212642295e+00
-1.9885354525e+00
-3.1612318147e-01
-6.2216594874e-01
-6.9235436103e-01
-2.7620038762e-01
-7.5541341005e-01
1.7738076598e-02
-2.3253745478e+00
-2.1283261375e+00
-2.3037086301e+00
-2.3500645039e+00
-2.1413673911e+00
-1.9836722620e+00
-1.6242806316e+00
-1.8660521889e+00
7.9529722887e-02
-9.9213961773e-01
-2.8787425235e-02
-1.7491026020e+00
2.2926576052e-01
6.7504872164e-01
-1.0089904230e+00
7.5439459460e-01
1.0494668013e+00
-5.9289444978e-01
-5.4539178929e-01
-1.1696904491e+00
8.1560262079e-01
-1.2714716046e+00
-2.1839205196e-01
-7.2313896334e-01
1.4755523810e+00
-4.0576634443e-01
-5.9356583766e-01
4.3620749497e-01
-9.5122392134e-01
-2.4589621827e+00
-2.5537832529e+00
-2.5787733421e+00
-1.6352581520e+00
8.6112236861e-03
-1.2507039110e+00
-1.7886116620e+00
-6.8978321731e-01
5.4930233663e-01
2.8830353431e-01
-1.9090608896e-01
-1.4279704535e+00
1.5528082786e-01
-1.0006398431e+00
7.4591414736e-01
-5.6788246771e-01
-4.2347330376e-01
2.3141587848e-01
-1.5909730816e+00
-1.0342950319e+00
-1.2120164070e+00
6.7926028422e-01
-1.2789189934e+00
-1.4321677977e+00
-5.1069559923e-01
-1.1061460091e+00
-2.0065318238e+00
-6.1812863215e-01
-1.4211293842e+00
-1.6654839744e+00
-2.8405052697e-01
-1.6995728968e+00
-1.2914792335e+00
-1.0289251365e+00
2.3634173570e-01
-1.0225390176e+00
-1.3804205734e+00
2.7107637844e-02
-3.3047175105e-01
-7.0378598504e-01
-6.6852045287e-02
-7.0082098364e-01
1.1014969296e+00
-3.6008452362e-01
4.3512147590e-01
9.3542225962e-02
6.1635813629e-01
1.3869900838e+00
5.9502905660e-02
-1.3444097870e+00
1.9409514260e-01
-5.8461912301e-01
-1.0756138859e+00
-1.6575697910e+00
-1.5071446991e+00
-3.0450673991e+00
-3.2010700026e+00
-2.3302540304e+00
-1.1329129519e+00
-1.4498204128e-01
4.0269390265e-01
-1.5455026645e+00
1.3273317280e+00
5.8415034887e-01
-7.6357267026e-01
-9.5584508132e-01
7.5464164058e-01
-1.6507332864e+00
-3.3222087721e-01
-6.6219427339e-02
-7.0177574219e-01
-5.4830943542e-01
2.1332165364e-01
-5.8068425363e-01
7.9060165350e-01
2.7533144238e-01
-1.2338870030e+00
-7.9325653529e-01
-3.3401579812e-01
-1.1799148035e+00
-2.3597554713e-01
-1.2276780891e+00
-2.0419848649e+00
-1.8185198342e+00
-2.4233300590e+00
-1.3299108850e+00
-1.7990800172e+00
-1.3656594798e+00
-3.6459040276e-02
-1.1880597772e+00
2.5160682511e-01
1.4525894390e+00
8.8947458884e-01
-2.1169781934e-01
-9.1082612178e-01
4.0583801702e-02
-1.1053232970e+00
4.8617955344e-01
-1.3589472586e+00
7.9572805456e-01
-9.0544881029e-01
-5.9343731147e-02
6.9283054213e-01
-9.7210377678e-01
4.7774031145e-01
9.5199471620e-01
7.3137866698e-01
-8.9210441095e-01
-9.0159411923e-01
-1.4946287920e+00
-6.5287474768e-01
-5.3430783341e-01
-6.7410727282e-01
-1.7815574558e+00
-1.3344250750e+00
-4.5775294783e-01
-2.1762774618e+00
-7.8903904859e-01
7.1761989170e-01
-1.5616634869e-01
2.2773918576e-01
-8.0402321882e-01
-1.5054349527e-01
-6.2298723492e-01
1.9547119349e-01
-2.9387971530e-01
6.7841762856e-02
3.4606320479e-01
-3.2777230256e+00
-7.3327960021e-01
-8.1286154221e-02
9.7905667287e-01
4.4028304920e-01
-1.2918886423e+00
-2.9615707974e-01
-1.9821806789e-01
-1.2701589078e+00
-1.3589165911e+00
-1.6185942117e+00
-2.6619845050e+00
-2.2199016912e+00
-1.1746027016e+00
-1.9330798315e+00
-3.0004708085e-01
-9.0085718141e-01
-2.9566889173e+00
-1.4901468487e+00
-1.5089123506e-01
-1.0554443340e+00
7.8173430477e-01
1.4306775330e-01
2.1223876835e-01
-6.1270013178e-01
-4.1080318267e-01
3.8604823941e-02
-6.6428093061e-01
3.1264053902e-01
-3.5673737817e-01
4.8377139065e-01
-6.0538435526e-01
-1.7100886445e+00
-8.8222487834e-01
1.6345202699e-01
1.0183148517e+00
7.0297998530e-01
9.7124257440e-01
-5.8765562999e-01
-1.9112914550e+00
-2.7939309755e+00
-1.7273320241e+00
-1.7504713863e+00
-5.9895497979e-01
-7.1344454652e-01
-1.3490709921e+00
9.0880939023e-01
-7.9535836456e-02
6.9149288194e-01
-2.8570833923e-01
8.8607938850e-01
-1.4478218695e+00
-1.2228822280e+00
-9.2231981046e-01
-1.3113396028e+00
-2.5774332924e+00
8.5826076730e-01
2.5630720243e-01
-2.0128240913e+00
5.9356504449e-01
-1.3040362878e+00
-1.6414467122e+00
-3.6350680123e-01
-1.1270015448e+00
3.7097221127e-01
-1.5212567266e+00
-1.8027569166e+00
-2.0696332296e+00
-1.3569576402e+00
-1.4414479638e+00
-1.4186113409e-01
-6.8650769551e-01
-1.6769055907e+00
-1.0061172926e+00
-6.1797472363e-01
-5.7397633551e-01
-2.9066646789e-01
-1.1140260358e+00
7.1770692314e-01
2.7440754048e-01
8.8866035057e-01
1.8367265639e+00
-1.8427654780e-01
8.2619761372e-02
2.1899959116e-01
-1.4439765468e-01
2.2514914270e+00
2.4505881497e-01
-1.9822023165e+00
-2.2056404131e+00
-1.1862185970e+00
-1.6315191082e+00
-4.8064648754e-02
-1.1862346834e+00
-8.7194446231e-01
-7.3239692288e-01
-1.2349083289e+00
-2.2000277458e+00
-5.4031197867e-01
-2.4110568308e-01
6.7159264447e-01
-9.6824651198e-01
-1.0330516875e+00
-2.4564298604e-01
-3.1562896930e-01
3.6165855685e-01
-5.0487861463e-01
-2.0416896649e+00
-6.6544717834e-01
7.7186550403e-01
5.4823186816e-01
1.8511476690e+00
-1.0772563902e-01
-2.7379522634e-01
1.3460052706e-01
2.9972340822e-01
9.9429178429e-01
-1.5044120617e-01
-5.4961734548e-01
-5.3721115588e-01
-1.0607131830e+00
-1.4544482073e+00
-7.2067155736e-01
-3.2773506769e+00
-1.9118808422e+00
-8.4903614246e-01
-2.9793949992e+00
4.1699234357e-01
-2.3353234028e-01
-8.6576533810e-01
8.9272448919e-01
3.0207524615e-01
8.2722486459e-02
-9.6812415478e-01
6.9867110502e-01
1.2384711200e+00
8.4658751065e-01
8.4864555130e-01
1.5908429263e-01
-1.7997213029e-01
5.4414263102e-01
-1.2967777196e+00
-7.8024946199e-01
-3.8389360065e-01
-5.0577562552e-01
-7.4308419834e-01
-1.1004915683e+00
8.4491891088e-02
-2.0427696677e+00
2.5240382285e-01
-2.2548290250e+00
-1.3193246191e+00
-1.1518532544e+00
-3.2093754540e+00
-4.6585031817e-01
-1.4234125730e+00
-8.9880484545e-01
-2.3131547965e-01
-2.0832889111e-01
3.6051080350e-01
-5.8605060052e-01
-6.3694210184e-01
-1.6161471429e+00
7.5605989456e-01
3.5603102294e-01
-2.7946262261e+00
5.8843990601e-01
2.7867298668e-01
-1.7027165658e+00
2.4653394328e-01
2.5071203070e-01
-1.3006373206e+00
-6.5299786951e-03
-2.0237581674e+00
-1.4420038906e+00
-8.1985490951e-01
-1.8738522514e+00
-2.4558429905e+00
-3.4263107139e+00
-7.0825374516e-01
-1.0815868187e+00
-1.6680613252e+00
-2.4493139946e+00
-2.4260683516e-01
-1.5756622886e+00
5.7974283907e-03
-2.7028452082e+00
-2.6364362395e+00
-5.3393436311e-01
-1.8613329138e+00
-1.0199813512e+00
-1.3741811528e+00
-8.8908605066e-01
-4.0367890692e-01
-7.6648410664e-01
-6.9520469279e-01
-9.6706480479e-01
-9.5276741722e-01
-9.6190745636e-02
-1.2364507633e+00
1.3194995876e+00
5.6918625460e-01
-6.7217223161e-02
-1.5237011284e-01
-1.0274213951e+00
-2.4143012809e+00
-3.9426528004e+00
-2.7252306579e+00
-2.5218879100e+00
-2.0678506709e+00
-2.0781626021e-01
-6.1250464281e-01
-1.1182113630e+00
-9.3457858464e-01
-1.5826670368e+00
-7.7316567697e-01
-1.5130144985e+00
-1.4963158211e+00
-1.8132354095e+00
-1.6630197778e+00
-1.1586741783e+00
-1.2156787589e+00
-1.4188661978e+00
7.9548816688e-02
-2.8543158091e+00
-1.2972215858e+00
-1.2575300964e+00
-1.2806483613e+00
-7.3852386934e-01
-1.7802189501e+00
-8.1667110870e-01
-2.0797595626e+00
-2.5530254336e-01
-1.3717347643e+00
5.0685448141e-01
-1.4854416729e+00
-1.9024072737e+00
-1.2482578298e+00
-8.6984662581e-01
-1.4310878144e+00
-2.2098842595e+00
-1.1362554614e+00
-1.8135776793e+00
-2.7280589021e+00
-8.4664944302e-01
-1.5675676014e+00
-1.9999979357e+00
6.3803340707e-03
-7.3617316447e-01
-2.6870525839e+00
1.1226864718e+00
-2.6370799920e+00
-6.3795446674e-01
3.8541234430e-01
-1.5967477524e+00
2.8376908790e-01
-2.6587824189e+00
-9.9869234882e-01
-1.3827827216e+00
-3.3957836428e+00
-6.7840421507e-01
-1.0023393321e+00
-2.1520178649e+00
-1.7117690809e+00
-6.5550085626e-01
-2.1777001263e+00
-2.4416997448e+00
-1.1964251308e+00
-7.6589167473e-01
-2.2976843287e+00
-2.6056147253e+00
-1.0798392421e+00
-1.6053816434e+00
-9.2368245586e-01
-3.5991124133e-01
-1.0868428053e+00
-9.8152905166e-01
-2.3315852127e+00
-1.2067949848e+00
-1.8319102090e+00
-1.2291500336e+00
-2.4007454031e+00
3.1004163155e-01
-6.5482675954e-01
-1.4577485855e+00
-1.9867874027e+00
1.5468859216e-01
-1.0445907929e+00
-3.3803991511e+00
-6.7123440508e-01
-1.7623415114e+00
-2.4212052700e+00
