5.6472045773e-01
6.3639304883e-01
-6.6030281288e-01
1.0031461557e+00
-4.0829504190e-01
-1.1689766606e-01
-1.6590302417e-01
-1.8722099156e-01
2.6259698529e-01
-1.1518177267e-01
8.4466333585e-02
1.5329081889e-01
-3.0080830414e-01
-3.0592642289e-01
-1.9863176131e-01
1.5374266761e-01
9.1558314401e-01
-2.0619753471e-01
1.0987286945e+00
-3.1139107519e-02
3.1320884884e-01
-1.1123893145e-01
-9.6124233688e-03
-1.7226162719e+00
4.3398094173e-01
5.2820750429e-01
4.0714103377e-01
-1.2414176696e+00
-7.3831390981e-02
-4.4209923960e-01
4.1866677800e-01
6.8981059107e-01
1.5470642301e+00
-1.4736808925e-01
-1.1923196276e-01
-9.7420348468e-01
-8.0036944039e-02
8.4332498779e-01
-5.2357145077e-01
8.3833569352e-01
7.4894902935e-03
-6.4106788723e-01
-2.5052969881e-01
1.7151228317e-01
3.7052559710e-01
1.7586588474e-02
4.0496427630e-02
-4.4830256667e-01
-1.3811833902e+00
-5.0035385151e-01
2.1356644749e-01
-7.1449609165e-01
-5.0246357996e-01
6.0718826643e-02
6.5537926337e-01
7.7266739409e-02
6.8066990034e-01
2.2128247328e-01
-6.2637189918e-03
4.6206940568e-01
3.1585070116e-02
-9.5289016717e-01
1.0976774283e+00
3.4544782636e-01
-2.8837546101e-01
-9.3865359487e-01
-9.4619371651e-04
-9.5020509039e-01
4.1186986284e-01
2.9779350105e-01
1.0151647153e+00
2.7996311939e-01
-3.4057508646e-01
-1.3822519920e-01
1.2802788687e-01
3.7363585616e-01
6.3441845926e-01
-1.7969956207e+00
-1.0370163620e+00
-6.1686716803e-01
8.5485360616e-01
-9.5977528708e-01
-2.8947543670e-01
6.5913417496e-01
-1.1823632708e+00
-3.8295002645e-01
-1.4562281031e-01
7.9917500091e-01
-6.1997254941e-01
-6.3831144020e-03
2.6550302182e-01
4.8042718339e-01
2.7217850896e-01
4.3822696000e-01
-9.2680243647e-01
1.7372885867e-01
-1.0667844517e+00
-8.3648185721e-01
-2.2741177647e-01
1.2701917168e+00
1.3691823163e-01
-4.5087974640e-01
5.4119905321e-02
4.0316709917e-01
4.2115161763e-01
1.1482910552e+00
-6.1078421817e-01
-9.8825266121e-01
-1.8049025528e-01
5.9025152092e-01
3.5124048489e-01
5.6813085000e-01
-2.0268002868e-01
1.9060483115e-02
-9.1102403512e-01
1.6351246218e+00
-5.9727749044e-01
3.2532259171e-02
3.2316329797e-01
7.2695420823e-01
-1.0417532582e+00
3.0480308268e-01
-1.1443395190e+00
9.6406473225e-04
-4.2841879557e-01
-9.8836839042e-02
-3.3552075347e-01
1.8493693894e+00
-7.3273287759e-01
2.1764868023e+00
2.2266283070e-01
-1.4676641459e-01
-8.6575967455e-01
-1.0582218880e+00
2.9759428902e-01
-2.4775815684e-01
-3.2632987976e-01
1.5765440718e-01
2.0363647028e-01
-4.8273538402e-01
-7.4080772989e-02
-4.9759469353e-02
4.0399276939e-01
8.5975144528e-01
