1.2007736160e+00
-1.5394757176e-02
-6.2941157020e-01
9.2542351712e-02
-5.3424599240e-01
2.0926261666e-01
-5.8270098447e-01
9.9229897476e-01
-2.3455862285e-01
-6.8942444660e-01
1.1650430597e+00
1.2104582749e+00
-2.9094996205e-01
2.3705176510e-01
-1.0599595117e+00
-1.8441005183e-01
-6.8550172195e-01
-4.3557751392e-01
-8.6390242655e-01
-4.5164147936e-01
-1.4394671473e+00
1.1495495427e+00
-7.8381908263e-01
-1.3353242215e+00
-1.1597596584e-01
1.1160567216e+00
1.1190087084e-01
6.4020916087e-01
-2.2806148596e-01
1.4183346325e+00
-8.0523783027e-01
-4.9507281292e-02
-2.4698089218e-01
1.5410711605e+00
-1.1846351955e+00
-3.0380641858e-01
5.1751197178e-01
-4.5643916937e-01
1.7926802855e+00
1.8484436634e+00
9.1517723282e-01
-1.5785399767e+00
-3.1914590612e-02
-4.5237954249e-01
-3.4017398092e-01
2.0577728497e+00
-7.0508018056e-01
1.7066861615e+00
6.0927394808e-01
-6.2128292910e-02
1.2970845047e+00
3.0083398933e-01
2.6633149488e-02
-3.7319772282e-01
