-2.7256738866e+00
-4.3126546420e+00
-3.6021020745e+00
-4.1231036753e+00
-3.0261703984e+00
-2.9164889057e+00
-1.7109050205e+00
-4.0146818998e+00
-3.0582300634e+00
-3.7989695467e+00
-4.4196767861e+00
-2.5965411680e+00
-2.6071977035e+00
-2.2669921470e+00
-3.2505946148e+00
-1.8024489509e+00
-2.8607062177e+00
-2.8616769222e+00
-4.6368799998e+00
-3.8642433427e+00
-2.2681860498e+00
-2.8863526355e+00
-4.1797252947e+00
-2.5173277861e+00
-3.7353748234e+00
-4.5370084845e+00
-4.2578090305e+00
-2.5053174964e+00
-2.9170666298e+00
-2.5942420849e+00
-3.6560344762e+00
-3.1245988307e+00
-3.3035236246e+00
-2.2288253502e+00
-4.3684264422e+00
-2.6904513947e+00
-2.7447834989e+00
-4.0427409628e+00
-1.7410166166e+00
-2.0188466322e+00
-2.3963147333e+00
-2.0295496450e+00
-1.6529028423e+00
-1.2931401888e+00
-1.8214032386e+00
-2.0073605086e+00
-1.3570002305e+00
-2.5469325620e+00
-2.7570593585e+00
-3.2321053436e+00
-2.2699621778e+00
-2.5690917357e+00
-2.9136014987e+00
-3.0339176766e+00
-2.8103698163e+00
-3.1122414661e+00
-2.7147162764e+00
-2.4435482596e+00
-2.5092650696e+00
-3.0466137647e+00
-1.7122803130e+00
-3.1225991447e+00
-1.8528454839e+00
-1.7203034891e+00
-1.9723034273e+00
-2.3812743322e+00
-6.5533299654e-01
-3.3860045345e+00
-2.1684054827e+00
-2.5704460323e+00
-2.3323186327e+00
-1.5553500051e+00
-2.8239401792e+00
-2.6396502120e+00
-1.5058456970e+00
-2.9458035807e+00
-2.9233447583e+00
-1.5639664371e+00
-1.0178499194e+00
-1.2841937610e+00
-1.2536181745e+00
-2.5843508999e+00
-2.2912943145e+00
-3.9180249841e+00
-3.7436411983e+00
-4.8211975422e+00
-3.1856981275e+00
-1.6258280753e+00
-2.1384639544e+00
-1.8916107813e+00
-2.5986436141e+00
-6.6580226240e-01
-2.2881565199e+00
-2.2119173765e+00
-1.3249061049e+00
-2.3844849026e+00
-2.1614308163e+00
-9.2224769308e-01
-1.6698401760e+00
-1.5960148880e+00
-4.2220265802e-01
-1.5212829570e+00
1.2019030869e-01
-3.2983051850e+00
-1.9335509232e+00
-1.3560237417e+00
-1.7965458014e+00
-2.5437555159e+00
-1.3695786278e+00
-1.7110465989e+00
-2.9000319687e+00
-2.4765717661e+00
-3.5225220290e+00
-2.5955902106e+00
-1.9065051727e+00
-1.7578021059e+00
-1.3319245341e+00
-2.1046123477e+00
-8.2110328782e-01
-1.6154181739e+00
-1.1999015388e+00
-1.2554905269e+00
-4.3874865851e-01
-9.9703992039e-01
-4.7957923151e-01
-2.5129240328e-01
-1.1282436115e+00
-1.3477842497e+00
-2.0967317308e+00
-1.5946083093e+00
-2.0327896127e+00
-1.1997863347e+00
-2.2247215534e+00
-2.1303979398e+00
-1.2985708105e+00
-2.1707793615e+00
-1.6035594600e+00
-1.7080639994e+00
-1.9333144639e+00
-2.1087678589e+00
-5.1736876035e+00
-2.7849610318e+00
-3.2076709223e+00
-1.4521068614e+00
-3.6362869784e+00
-1.1561154708e+00
-7.7334778337e-01
-1.8967616921e+00
-1.2705397858e+00
-8.0769372415e-01
-1.9775374511e+00
-1.6977477664e+00
5.4849231711e-01
-1.3624383273e+00
-8.8514820894e-01
4.1701497827e-01
3.1611239526e-01
-4.1499119496e-02
-3.5139192818e-01
-1.7613527932e+00
-1.1413725452e-01
-1.7019090389e+00
-2.6700574252e+00
-2.2654766173e+00
-1.5935269336e+00
-3.6623274713e+00
-3.2023597319e-02
-2.0413877262e+00
-3.4367714481e+00
-3.6526455877e+00
-3.0486264817e+00
-1.8027825306e+00
-1.0837549081e+00
-1.9937242313e+00
-1.9953530705e+00
-6.6794153981e-01
-7.2569736645e-01
-7.8934683561e-01
-8.7346976487e-01
2.7168243563e-01
-6.7535538384e-01
-7.6995980162e-01
6.7382720014e-02
1.5352000671e+00
1.6797875014e+00
3.9738912920e-01
7.1200560470e-01
-1.1012573578e+00
-7.6390305908e-01
-4.9928674410e-01
-1.1623381378e+00
-2.2536078586e+00
-1.3776131111e+00
-3.5534705897e+00
-1.3556281694e+00
-3.2611882226e+00
-1.9463889591e+00
-2.3175434868e+00
-1.4621629421e+00
-2.6256320719e+00
-1.6879208895e+00
-2.1445249616e+00
-1.1976876883e+00
-5.8964353475e-01
-1.9288918114e+00
-2.7772013038e-01
-2.3817547958e-01
2.7158843364e-01
-9.0992701199e-01
-2.0460078101e+00
-1.3535023310e+00
-1.4605372037e+00
6.4809622202e-01
5.4415990212e-01
-7.5203840952e-01
-7.9704928423e-02
-4.8430486278e-01
-6.9036606265e-01
-1.6817679496e-01
-1.3375102788e+00
-1.3290642171e+00
-3.4512499402e+00
-3.2165785130e+00
-2.6053434347e+00
-2.7866789025e+00
-1.1855909900e+00
-8.5371189665e-01
-2.3115734597e+00
-1.9200948826e+00
-1.6176125528e+00
-2.0131384636e+00
-1.0318825102e+00
-5.0646151542e-01
-9.4638795465e-01
-8.1460383619e-01
3.7479136543e-01
9.7834596203e-01
6.8163331804e-02
-7.3873779379e-01
-7.8230879999e-01
2.9570745718e-01
-6.7066125924e-01
6.3725322602e-01
-5.1006630046e-01
-1.5367633472e+00
-1.0725694267e+00
-1.1654867430e+00
4.7199858800e-01
-1.6448390074e+00
-2.3762371705e+00
-3.0438875523e+00
-2.4122641156e+00
-3.2776756626e+00
-2.7773832263e+00
-2.5621229950e+00
-1.4390791678e+00
-2.3654080327e+00
-9.6195377105e-01
-1.1910633996e+00
-1.3854619638e-01
-4.0427917276e-01
-1.0582698487e+00
6.7644961485e-01
-8.8434895393e-01
-8.0640198163e-01
-2.3252789702e-01
-3.8616130368e-01
-1.4883128030e-01
-6.5608428151e-01
5.0891613690e-01
-6.7528577110e-01
3.6184229440e-01
-7.1704025787e-01
-2.7113596398e+00
-2.9926834063e-02
-1.2948600080e+00
-7.0148895475e-01
-7.9627303445e-01
-3.3621867182e+00
-2.2715971583e+00
-2.4806935971e+00
-3.3667570492e+00
-1.7146284453e+00
-2.3813052714e+00
-2.3283130986e+00
5.5147723520e-01
-9.6110463406e-01
-3.3591522510e-01
-4.6306915068e-01
5.4289950511e-01
9.0546467759e-01
9.3965566071e-01
8.7280676264e-02
-3.4874804953e-01
-1.0280161388e-01
9.2065176018e-02
-6.9402281489e-01
-9.8246980561e-01
4.9651110964e-02
1.5771756128e-03
-2.0895905764e+00
-3.1673127520e-01
-7.2124508623e-01
-1.1947587413e+00
-1.4419719881e+00
-2.9660016073e+00
-2.5574684596e+00
-3.3057649278e+00
-3.4717521583e+00
-3.7224127845e+00
-3.1910730778e+00
-2.2695730250e+00
-2.2643055325e+00
-2.4579542909e+00
-1.1779303821e-01
-2.6964741823e-01
3.8492081579e-01
1.0698952965e+00
2.0442515129e-01
-4.7591047476e-01
-2.1003217740e+00
-6.4800004008e-01
-7.4386630732e-01
6.7678360830e-01
-1.3038000459e+00
-6.5588130327e-02
-1.6669351768e+00
4.3858128579e-01
-1.0086465246e+00
-1.2683182538e+00
8.2966544494e-01
-2.3376147976e+00
-1.5453907543e+00
-1.2796290912e+00
-2.4167024412e+00
-2.2134515764e+00
-2.5356720067e+00
-1.3984241871e+00
-2.6079801210e+00
-2.1468383260e+00
-1.8968947567e+00
-1.1167288363e+00
-2.2077876526e-01
-4.5759841171e-01
7.8312271477e-03
-6.9569872589e-01
-1.4751744369e-01
-4.8774327224e-01
-1.0413789928e+00
-5.8256244055e-01
-3.3772495051e-01
2.1102119011e-01
4.1250426173e-01
-4.5213538197e-01
-7.6784742008e-02
5.4296811012e-01
-1.0245402369e+00
-1.3128593077e+00
-8.3131474045e-01
-3.3088546235e-01
-7.0317003487e-01
-8.8540910884e-01
-3.7917706382e-01
-1.0099843244e+00
-1.9838860838e+00
-2.8651165093e+00
-3.8999291112e+00
-2.7475934670e+00
-9.0713907257e-01
-7.1565030849e-01
-5.3207297846e-01
-1.5567458101e+00
-9.2678840384e-01
-1.7378080626e+00
8.9343744961e-01
4.0109664833e-01
-8.7464653752e-01
-5.7863731911e-01
-2.5167563799e+00
1.2925527219e-01
1.2069639581e+00
8.7134470961e-01
-1.1140159427e+00
-6.6797117341e-01
-3.5444819412e-01
-1.7024770804e+00
-9.2450848195e-01
-1.7771829394e-01
-1.2842312721e+00
-1.6918551811e+00
-3.5854401549e+00
-2.6423103165e+00
-3.7803346793e+00
-1.8424016024e+00
-2.1996834058e+00
-2.0110727805e+00
-1.6087971654e+00
-1.7586274571e+00
-6.0867535578e-01
-9.2450444562e-01
-4.5579955064e-01
7.1422352925e-01
-3.3087646846e-01
-1.3919868347e-01
-2.7450634224e-01
-1.0856717879e+00
4.9782683480e-01
3.0987930624e-01
-8.5975518865e-01
-9.8003785088e-04
3.1911505080e-01
-1.3633657664e+00
-9.4968510408e-01
-7.1437427558e-01
2.7462541800e-02
8.6868541226e-03
-9.1260670789e-01
-1.9135868967e+00
-2.2186971729e+00
-4.6774354999e+00
-2.6722533182e+00
-3.8720426963e+00
-3.5813700423e+00
-1.8921022367e+00
-9.5167685315e-01
-1.3619672667e+00
-8.1832020453e-01
1.0792504506e+00
1.4643639010e-01
-6.7421073885e-02
5.9766780281e-01
-1.9940468892e-01
-9.0635338489e-01
-4.6644655748e-01
5.9674089992e-01
1.4230413204e-01
-3.9610541236e-01
6.1956124023e-01
5.3199520349e-01
-9.5093887612e-01
-1.1437705333e+00
7.1052206322e-01
-3.4093905104e-01
2.6495301813e-02
-6.4470510476e-01
-2.7900385189e+00
-1.4804831765e+00
-1.7968532032e+00
-3.4207019288e+00
-1.3155544984e+00
-2.4644747771e+00
-3.3096087048e+00
-1.8135167584e+00
-9.1906768982e-01
-1.5528151712e+00
4.3694428183e-01
-1.4231245386e-01
6.5747477018e-01
1.0829267542e+00
7.1050704457e-01
-1.9217936225e+00
-2.1185020142e-02
1.2621438689e+00
-4.5260334540e-01
9.9554963989e-01
7.2690343457e-01
1.6642467708e+00
3.1346945985e-02
-1.2312553757e+00
-9.5644003854e-01
-1.2095843261e+00
1.5206919116e-02
-1.0888017109e+00
-5.3439830491e-01
-2.8795489095e+00
-2.0985578486e+00
-4.7611009908e+00
-2.5638645350e+00
-2.5592226509e+00
-2.1169036111e+00
-2.4068007550e+00
-1.4819156576e+00
-1.9738596616e+00
-1.0412158478e+00
-8.7241363133e-01
-8.3142053920e-02
-9.3997359681e-01
-1.5924632737e+00
-7.9863566781e-02
-3.3543690316e-01
4.8481837767e-01
-3.5532167962e-01
-2.1735104524e-01
-5.2104561361e-01
-8.9196202596e-01
-3.2037340924e-01
-1.5309753946e+00
-7.0016611710e-01
-5.9178570753e-01
-1.0154580417e+00
-1.0195845971e+00
-1.0256237443e+00
-2.0746757055e+00
-3.2600813027e+00
-3.5132613599e+00
-3.0103227557e+00
-2.9675010964e+00
-2.7037581798e+00
-2.1308786056e+00
-6.0586239610e-01
-4.5544323229e-01
-7.6349288537e-01
-1.1836246128e+00
6.6569957694e-01
1.8505356623e-01
-1.0608821401e+00
-1.1271655574e+00
4.2151205508e-01
-4.4219326410e-01
3.0259248081e-01
9.0351553407e-02
-1.1618698646e+00
-1.1240765422e+00
-1.7185294258e+00
-6.3274933986e-01
-6.1291448636e-01
1.3638579353e+00
-1.3346529914e+00
-1.4077050657e+00
-2.5316246582e+00
-2.3729133616e+00
-1.3804399503e+00
-3.8180853920e+00
-2.7053454807e+00
-1.0505259481e+00
-2.3151193505e+00
-7.3009786874e-01
-4.2917094713e-01
-4.9685054675e-01
-1.0079842099e+00
-8.1191475518e-01
-1.1133906668e+00
-8.0144118849e-01
-1.0305505865e-01
3.2151999920e-01
-1.2617143443e+00
-2.6417825368e-01
-2.9257688782e-01
3.0643357337e-01
-5.7952861650e-01
-1.5681061973e-02
-1.4163924746e+00
-1.5240859433e+00
-1.5362175631e+00
-1.8920408351e+00
-8.3180583711e-01
-2.0666542031e+00
-1.9188692896e+00
-2.0438796955e+00
-2.5009435705e+00
-2.4972354933e+00
-2.0088013036e+00
-3.5888493497e+00
-2.2160880902e+00
-1.6961433222e+00
-1.2707945781e+00
-6.3670813659e-01
-1.4772907081e+00
6.2167818099e-01
-7.5292131238e-01
-8.9534790780e-01
-5.4781965743e-01
-7.4625244153e-01
-8.0256232573e-01
-9.9765766296e-01
5.7873603462e-01
-7.7593960369e-01
2.6289035107e-01
-1.2674079824e+00
-1.5359319595e+00
-2.3429894804e+00
-9.7114798966e-01
-6.6492398954e-02
-1.2361357973e+00
-1.3209529337e-01
-2.6092035404e+00
-2.7713216757e+00
-2.1443533995e+00
-1.5974666696e+00
-5.0334255370e+00
-1.1294944740e+00
-1.6235321433e+00
-1.4310865069e+00
-6.5146866925e-01
-9.0143300510e-01
-9.9017708249e-01
4.6587350190e-01
1.3650364787e+00
7.7194666128e-01
-6.7589141932e-01
2.9223236381e-01
-1.4627589678e-01
9.9819864934e-01
-3.0506628336e-01
1.9845632196e-01
-6.5058511106e-01
-1.4810730448e+00
-6.9299908878e-01
-9.9735333436e-01
-1.4794607325e-01
-1.7912193130e+00
-4.5572360845e-01
-1.4913748746e+00
-1.3318199159e+00
-2.7664305027e+00
-2.0325371824e+00
-2.2596157477e+00
-2.6897600377e+00
-2.3245368597e+00
-2.8752077268e+00
-2.7206471102e+00
-9.5952518316e-01
-4.9499827216e-01
-5.1173582535e-01
-7.3819514041e-01
-4.4273555958e-01
8.5194116452e-01
-2.0555875033e+00
-1.3072558690e+00
-9.6524231324e-01
-6.7266304904e-01
-1.1593731499e+00
-1.0044360920e+00
-4.9739505468e-01
-1.5905526263e+00
-7.1487679579e-01
-3.3594198123e-01
-1.4336610112e+00
-1.1151055647e+00
-1.3443641093e+00
-1.4908607995e+00
-1.2011286034e+00
-3.0162825361e+00
-2.7308426845e+00
-2.5151430243e+00
-2.6713872569e+00
-1.0133100227e+00
-1.7563699071e+00
-1.8650791545e+00
-9.4659246777e-01
-1.0485747989e+00
-2.3365457472e-01
-4.5072696926e-01
-8.7205596661e-01
-3.0277679969e+00
-2.1465066248e-01
-8.0396828514e-01
-1.0290220702e+00
-3.6391520599e-01
-1.5371322646e+00
-1.8394921823e+00
-2.3322012377e+00
-7.6758123369e-01
-2.5921872472e-02
-1.1667049610e+00
-1.7661927568e+00
-2.1385662093e+00
-1.7786725020e+00
-1.3824661148e+00
-3.1981460044e+00
-3.0633901066e+00
-3.0264718364e+00
-1.6709396662e+00
-2.9188025787e+00
-1.7459825408e+00
-1.6402091221e+00
-3.5652188205e+00
-3.5521893994e+00
-7.6854117525e-01
-2.2382928574e+00
-1.6506261324e+00
-7.7896974962e-01
-4.3850112143e-01
-1.1161929778e+00
-2.2451864295e+00
-1.0871544810e+00
-1.9932279632e-01
-9.0171792523e-01
-1.5867178791e+00
-8.6047580683e-02
-1.0869124937e+00
-1.4234144561e+00
1.6727810533e+00
-2.0762852610e+00
-2.3765195912e+00
-1.5629887938e+00
-1.5938076137e+00
-3.3434420452e+00
-3.6637429956e+00
-4.1789476302e+00
-3.7077952034e+00
-3.4750251992e+00
-2.7679945192e+00
-1.7680594724e+00
-2.7900468858e+00
-2.0159494748e+00
-2.5593521743e+00
-1.6161899899e+00
-1.9059760086e+00
-3.0518998482e+00
-1.3615786455e+00
-1.7480595660e+00
-2.6332049073e+00
-1.8336418201e+00
-1.0078186978e+00
-8.7022858560e-01
-9.5961129496e-01
-1.3155280481e+00
-1.7917990920e+00
-2.4346025129e+00
-3.8020825045e+00
-1.3134816814e+00
-1.6470170933e+00
-2.0388191418e+00
-2.9761245552e+00
-2.5234000696e+00
-2.6694056214e+00
-3.4576026948e+00
-3.2021882291e+00
-3.3179470782e+00
-3.6708765705e+00
-4.0829306798e+00
-2.7341362861e+00
-2.1514941780e+00
-3.5955699270e+00
-1.4621867631e+00
-1.6552463228e+00
-2.9625290503e+00
-2.4090392696e+00
-2.3614080113e+00
-1.9422622845e+00
-1.4378339744e+00
-2.7626928694e+00
-1.6573931803e+00
-1.3707802753e+00
-2.3700352884e+00
-1.8792458821e+00
-2.2386078174e+00
-2.3528786839e+00
-2.2237091481e+00
-1.3525637459e+00
-1.1086750344e+00
-3.7040230435e+00
-2.9035151833e+00
-3.2001298110e+00
-4.1100393928e+00
-3.8772694073e+00
-3.4056064495e+00
-3.6503987333e+00
-2.1273218820e+00
-3.1435738495e+00
-2.8591822167e+00
-1.2824938582e+00
-1.9140818974e+00
-2.9112086594e+00
-9.1134968294e-01
-3.5055222170e+00
-2.7980839153e+00
-2.2032465122e+00
-2.8850849023e+00
-2.1508676272e+00
-3.2084497543e+00
-5.9436248571e-01
-3.2486114699e+00
-2.3055566729e+00
-3.4284125996e+00
-4.0926912729e+00
-3.7229006593e+00
-3.0298978880e+00
-3.0684626638e+00
-2.8340414044e+00
-4.2014879921e+00
-3.3168944577e+00
-3.7681446823e+00
