7.8762191109e-01
-4.0614025955e-01
8.8240975767e-01
2.6387867741e-01
2.1437398661e+00
-9.2061853946e-02
-1.9478440388e+00
-6.8363172946e-01
-6.8905613250e-01
-4.9943860356e-01
1.4028315504e+00
-1.3649962873e-01
-4.1699631123e-01
-1.9369937328e-01
1.0220305469e+00
1.0649782961e+00
-1.0174178727e+00
-2.8507771783e-01
4.5834871877e-02
-2.5535433159e-01
7.3357317624e-01
1.0025359887e+00
1.0333489962e+00
3.7486611048e-01
-1.8959814489e-01
2.0910856380e+00
-7.8479386283e-01
1.1299565156e+00
1.0561944786e+00
-1.1704635380e-02
-2.4394119632e-01
7.7383992571e-01
-7.4912793658e-01
-1.3405828694e+00
3.1614899758e-01
-6.2433919950e-01
-8.3332531191e-01
-6.8307790526e-01
-7.6633983139e-01
2.4769494275e+00
6.8868635797e-02
1.3191690268e+00
1.2651662193e+00
-6.3037920360e-01
-1.4070861689e+00
-2.5644359884e-01
9.7297382642e-01
-2.9458292257e-01
6.6666985748e-01
-5.2482884192e-01
-8.1205303634e-01
1.6584415796e+00
8.7858493737e-01
1.7846039295e+00
1.9935372265e+00
1.2825221110e+00
-1.7764671033e+00
8.4808984341e-01
8.2084806059e-01
-1.0896263730e+00
7.5825305622e-01
9.7410045235e-01
-5.0839536666e-01
-7.1835496196e-01
-1.5139689171e+00
-1.5589062269e+00
9.1239134277e-01
7.6684011089e-01
-9.6184306615e-01
1.1844498782e+00
1.4090333005e+00
8.1136106540e-01
1.1565428495e+00
7.7198555243e-01
-1.0214713865e+00
-1.0232371927e+00
-1.6797881840e+00
9.8236672543e-01
1.6474443512e+00
1.6393624221e+00
-7.2975042789e-01
-1.0324910935e+00
2.5416599607e-01
7.1054235867e-01
1.3537403477e+00
-1.4391636905e+00
1.3588399522e+00
-1.0568648324e-01
7.8777748991e-01
-9.9119868319e-01
-8.8737086245e-01
-9.1221223072e-02
-2.6411285310e+00
-1.4248507123e+00
1.4174203389e+00
1.0510795732e+00
-6.7787225056e-01
-1.9604059257e+00
-8.3654926956e-01
-3.1566278092e-01
6.4021439382e-02
2.4444814517e+00
1.2819183226e+00
-1.1467347001e+00
-1.3710426945e+00
2.2818456807e+00
1.2258392070e+00
8.1037397410e-02
6.7405935968e-01
-5.5725264482e-01
1.2539877562e+00
-7.8221588818e-01
-2.0162150788e+00
-7.6730565261e-01
1.2383009948e+00
1.4480083585e-01
-2.8484955442e-02
7.5544203211e-01
-8.4075793357e-03
-6.3981919310e-01
7.3733303182e-01
-2.0515092245e-01
1.1398437159e+00
-5.2576690397e-02
-1.2596133214e+00
-7.4079352021e-01
9.4733710034e-01
-1.9848487737e+00
-2.3890623954e-01
8.8488579297e-01
-1.0378614546e-01
1.8858873807e+00
1.6409960332e+00
9.8037253502e-01
-2.0451041083e-01
1.2587226384e+00
-1.9415439545e-01
1.1280022584e+00
1.3302414186e+00
-7.4665322572e-01
1.9177590657e+00
-5.8997643159e-01
8.6749903424e-01
1.1376601073e-03
