-5.3346652646e-01
1.0439317585e-01
-5.4219633084e-01
-2.3142444790e-01
3.8761620805e+00
-6.9978081672e-01
-3.6439809621e-01
-8.8964519946e-02
-4.6531106396e-01
1.1195561146e-01
3.7447712445e-02
2.8707423316e-01
2.1730901897e-01
2.8709644781e-03
2.6550555710e-01
2.8102496244e-01
3.5146420252e+00
5.7744418628e-01
-1.2103714810e-01
4.2898843484e+00
7.2133879487e-01
-5.5150408007e-01
-1.6266360228e-01
8.4472776058e-02
2.1613082885e+00
5.2593392353e-01
-1.6479342858e+00
-6.3924652148e-02
-8.2086925332e-01
1.1985571763e-01
-1.9407123273e-02
-3.4962545310e+00
4.6052327529e-01
-8.9286760282e-01
2.9144493584e-01
3.7711045863e+00
9.0901139790e-01
-6.5240067728e-01
-1.0951255573e-01
9.2115057056e-01
2.6436475015e-01
-3.2372652062e+00
3.0833865905e-01
-1.3165024742e+00
4.0560123512e+00
1.4781247773e+00
1.5472106384e-01
-1.5996707246e+00
-1.2781644534e+00
-9.7582248017e-03
-3.7332493795e-01
8.2736424339e-01
-3.3177500234e+00
4.9145042276e-01
2.9270884397e-01
4.2489177232e+00
-1.7000285352e+00
-7.7228497333e-01
-1.0924128707e-02
-8.2773698373e-01
-9.1224183695e-01
-9.4697367783e-01
-3.6476398621e-01
1.4665762186e-01
7.6251241057e-01
-4.6571969121e-01
7.3977462554e-01
1.3118465988e-01
4.3163002465e-01
-1.5792607325e+00
-9.9934968302e-01
1.9903312705e+00
2.2630819738e-01
-1.3904361237e-01
1.3499907463e+00
1.0231428265e+00
-5.1362619645e-01
-1.0723529754e+00
-7.2912144186e-02
-8.8938086760e-01
-5.4224669309e-01
-2.0307394110e-01
5.6524154013e-02
7.5393840217e-02
-1.2111470179e+00
-2.3070720707e-01
-6.9927250776e-01
2.2806818742e-01
-3.3592509452e+00
-8.5748840234e-02
-1.3784931535e-01
3.8502312038e+00
3.6379468210e-01
-6.0392505914e-01
6.9645662436e-01
1.0286761377e+00
4.1047047676e+00
4.0305952069e+00
-2.1670186800e-02
3.9589599900e+00
-1.7891858600e-01
-3.8386804974e-01
4.0176633051e-01
1.2521121305e+00
2.7919610766e-01
9.4391845058e-01
1.0151397392e+00
-1.4623209856e+00
-5.4452287575e-01
-2.8449196208e-01
5.8353117424e-01
6.0325216098e-01
8.8154823315e-01
5.1137807905e-02
3.6542666794e+00
3.6849114768e-01
-1.5925904152e-01
-7.4962996234e-02
-9.5963181002e-02
-4.0489130231e-01
1.8489006934e-01
-3.3486858383e-01
-2.3409377526e-01
-3.2423850015e-01
-1.3868038256e+00
-3.9525577246e+00
-2.2134135725e+00
-5.0904344414e-02
-3.9923068729e-01
-7.4123460820e-01
-5.2186319698e-01
-1.9326559653e-01
-2.6364243273e-01
3.4442545795e+00
-3.5525765196e-01
-3.6718335670e-01
6.6458891731e-01
-1.6722884192e+00
1.0113193877e-01
2.0105461897e-01
-1.6924618401e+00
3.4896325264e-01
-6.6019156509e-01
3.0422909093e-01
