1.3851424222e+00
2.0303747576e-01
1.4537060408e-01
-1.0044144169e+00
1.2140291779e-01
-1.6178847618e+00
-2.3896784458e+00
-8.0279406352e-01
3.5271549389e-01
4.0027221179e-01
-1.7845649066e-01
5.0798480169e-02
5.1780605159e-01
1.2240860016e+00
1.0178338537e+00
2.1871786587e-01
-6.2067304035e-02
4.2086518511e-01
-8.5571165649e-01
6.5388980186e-02
1.1239964071e-01
2.9806434294e-01
-3.6558551676e-01
-1.5187644299e-01
6.1265930906e-01
-3.3374286055e-01
-6.6932270815e-01
9.8602671727e-01
8.4212940192e-01
-1.2345803084e-01
7.6677308679e-01
-8.2736384149e-01
-1.2065534267e+00
6.4419045598e-02
1.8874011634e-01
2.4306243057e-01
2.7456305481e-02
1.7756117860e+00
-8.5779681028e-02
7.6391428797e-01
2.1315671438e-01
9.5907730184e-01
3.7976403108e-01
-8.9550088162e-01
2.2790588885e+00
-5.4481168615e-01
9.5876941152e-01
1.1441077149e+00
-4.3158016162e-01
6.6102964258e-01
1.5643685825e+00
1.2070586901e-01
1.5041950930e+00
-1.4644388058e+00
