-9.9511155524e-01
-2.2540883616e+00
-5.4118489580e-01
-9.7967903187e-01
-1.1784503968e+00
-1.6313544077e+00
-2.2588588758e+00
-1.7555132035e+00
-1.4363823656e+00
-1.4517325849e+00
-2.5709951766e-01
8.3713165001e-02
-1.4724149524e+00
-6.7591771164e-01
-2.7209569866e+00
-8.3873002665e-01
-1.3587768099e+00
-1.8879386766e+00
-9.2400453680e-01
-5.1880318797e-01
-8.8670273740e-01
-1.7725372334e+00
-1.7461890319e-01
5.5946095314e-02
-8.4003937194e-01
-9.6216914390e-01
-5.9183309089e-01
-9.9874768060e-01
-1.6897726875e+00
-5.9270999289e-01
-1.5017157406e+00
-5.4811435640e-01
-8.4179402313e-01
-5.7731326356e-02
-1.5077643130e+00
-1.3232347773e+00
-1.7064306062e+00
-6.4925178118e-01
-9.8873968388e-01
-1.8918668934e+00
-5.2772878798e-01
-4.6735556379e-01
-2.0578016748e+00
5.2920023131e-01
-3.0468177250e-01
-3.0880629933e-01
-1.3352333596e+00
4.4110313116e-03
-1.5102462449e+00
-1.6524857062e+00
-2.1689388529e-01
3.7960749752e-01
-1.1989637150e+00
-8.2988691321e-01
-3.6155451694e+00
-1.5045215502e+00
-9.3827961629e-01
-1.9358130188e+00
-1.8441197513e+00
-2.0052434676e+00
-1.6168665085e+00
-3.4937765762e-01
-1.2348347071e+00
-3.0861701777e+00
-1.7613592729e-01
-1.4700711798e+00
-1.2209736317e+00
-1.2092122395e+00
-2.4152031779e+00
-1.1231342688e+00
-2.8721265049e+00
-1.4906817994e+00
-1.5810454820e+00
-1.6859582054e+00
-3.5813512128e-01
-1.7028187017e+00
2.0563128707e-01
-2.7224369759e+00
7.4308221277e-01
-1.5233315168e+00
-1.6866268506e+00
-1.5157216664e+00
-2.5925511856e+00
-1.9273394199e+00
-2.3547143288e+00
-1.9567218497e+00
4.4009775622e-01
-3.1124523891e+00
-4.2311961667e-01
3.4843995252e-01
-8.3593422299e-01
-3.2026110592e+00
-3.7826033901e-01
5.0429745419e-01
6.2325978565e-01
-1.9925350083e+00
-4.9568661081e-01
-6.3267734310e-01
-1.1327657732e+00
-2.5427428034e+00
-1.1002249729e+00
-2.6319115255e-01
-8.4568170689e-01
4.0058930824e-01
-1.0442746250e+00
-1.4559126436e+00
-2.0479633806e+00
-2.7029303212e+00
-1.3869165757e+00
-1.9644752928e+00
-2.9887850492e+00
-1.4087317605e+00
-2.4320160384e+00
-1.4415475458e+00
-1.9841916608e+00
-2.0658029715e-01
-6.4316730270e-01
-3.2060188032e-01
1.8170210861e-01
-6.6854243075e-01
-2.4888970505e-01
-4.9542025922e-02
-3.3874029889e-01
-1.6541552118e+00
-1.3780861952e+00
-1.1585181192e-01
-2.5347011276e+00
3.7248478482e-02
-5.1085979302e-01
-8.6370665649e-01
2.9241714925e-01
-9.5018006834e-01
-8.7926168612e-01
-8.5408681358e-01
8.1781552079e-01
-1.7719807799e+00
-6.7362109641e-01
-1.3341192851e+00
-4.0413697967e+00
-3.1989895392e+00
-2.3716546563e+00
-9.6303615336e-01
-1.5773594762e+00
1.8562270232e-01
-1.0079880087e+00
-5.7142228704e-01
-1.4666162663e+00
-6.8943481580e-01
-2.6665851692e+00
-2.3196220593e-01
-3.9347533238e-02
-3.9644847183e-02
-6.1496710319e-01
-4.2674872822e-01
3.1301722080e-01
-9.1074519876e-02
-1.5994676192e+00
7.0397717569e-01
9.9063572610e-02
2.5358246966e-01
-8.4181051004e-01
-7.4312390295e-01
-9.8759604727e-02
2.6981492144e-01
-4.7567557264e-01
-2.8915688698e+00
-1.2290364461e+00
-4.5788736316e-01
-1.5746491168e+00
-5.5655951562e-01
-2.5007247657e+00
-6.0242645824e-01
-9.1898596529e-01
-1.5001609742e+00
-1.6450602265e+00
-3.9345264197e-01
-2.4822107010e+00
-4.0042298260e-01
-5.3865402680e-01
1.2294305453e+00
3.0991923667e-02
-9.0474201540e-01
3.5878848034e-01
-5.5282323535e-01
-1.1101445312e+00
4.3067385179e-01
-4.7370575225e-01
-1.3193995557e+00
-1.9631554810e+00
-1.3354813573e+00
-5.3813075631e-01
-2.3417343019e-01
-4.9637390251e-01
-2.0212102477e+00
-1.3855829576e+00
3.8518615684e-01
-2.8100569445e+00
-1.6336538255e+00
-2.3836801115e+00
-8.3764621333e-01
-1.4155395391e+00
-1.3865274003e+00
-1.2712875739e+00
-2.0779353639e-01
-1.8475558790e+00
-4.3708259657e-01
2.3896098922e-01
2.4233128246e-01
-6.6478818605e-01
-2.6947530408e-01
8.3585800222e-02
-1.0787756078e+00
7.4003896661e-01
-6.9164923604e-01
1.0093311773e+00
-1.4857533157e+00
7.5445005348e-01
-1.6476196798e+00
-1.2042950575e-01
-8.3327398257e-01
-3.4965037546e-01
-9.3811045938e-01
-4.7019461253e-01
1.4218167591e-01
-9.2136171269e-01
-1.9614594053e+00
-2.7688206205e+00
-1.4634751763e+00
-3.3532102254e-02
-5.9139939937e-01
-6.2974195908e-01
-1.5059693005e+00
-1.0244639373e-02
-9.4266129378e-01
3.5815973002e-01
-1.3962565600e+00
-1.4566262629e+00
3.0926216049e-01
3.0907720826e-01
1.8368374667e+00
-4.4935720078e-01
-8.4367507643e-01
-1.3931292185e+00
-1.1026506642e+00
1.4505342416e+00
-2.6283029000e-01
-6.8396415903e-01
-1.7282458300e+00
-2.7751599423e-01
-2.2429450557e+00
-1.4304309484e+00
-2.1637192433e+00
-6.0192396057e-01
-2.3641595709e-01
1.2036527765e+00
-1.0218979059e+00
-7.4536982766e-02
-5.8300014704e-01
-7.0679372126e-01
-1.0368741925e+00
-1.6539562304e-01
5.6857242198e-01
3.2322578869e-01
1.5234777488e+00
7.2862382136e-01
-4.7964580284e-02
6.5981168859e-02
4.0834611158e-02
8.9231997565e-01
6.8432079057e-01
-7.2616455478e-01
-2.7883894952e-01
1.0219407279e+00
-1.0226810400e+00
-9.8055993388e-01
-1.7458878254e+00
4.4906514353e-01
-1.6465040652e+00
5.7856136955e-03
3.9387113237e-01
-5.4135862589e-01
-6.4042944850e-01
-2.0724228570e+00
4.4316439254e-01
-2.2605654148e+00
-1.9171383713e+00
-1.9642174409e+00
-2.0580221408e-01
1.6476875879e+00
1.8615665893e+00
2.5949344711e-01
5.9232403686e-01
9.0064695753e-01
5.5887663098e-01
-7.3312335109e-01
3.3394644363e-02
-3.2987618337e-01
-6.1996480574e-01
3.3361768541e-01
1.0336091510e+00
-2.2226301230e-01
1.3680348539e+00
-1.0955001236e+00
-3.2057602887e-01
-2.5036654351e+00
-1.9343049104e+00
-1.3353778556e+00
-2.3047115807e+00
-5.9360389214e-01
-1.2295866164e+00
-3.5941389126e-01
-2.2819005914e-01
-2.8440804545e-01
-2.3712159070e-01
3.3599898177e-02
-2.6272832372e-01
3.0480906949e-01
-1.4986730450e+00
6.1078840350e-01
-6.4164322003e-03
-3.1136480042e-01
-1.4272426192e-01
-8.6491757902e-01
3.1450815456e-02
-1.4973457236e+00
-6.8577222872e-01
-1.4030873939e-01
3.5515725756e-01
-6.2555103621e-01
-1.3097683506e+00
-1.6504260420e+00
-7.4558400272e-01
-2.1593316925e+00
-2.4381857698e+00
-1.6486452297e+00
-2.6262612442e+00
-1.1847453047e+00
-1.6512448176e+00
-6.3967065481e-01
-1.8589545817e+00
-5.2741211556e-01
-1.5354630577e+00
-8.6954344768e-01
-5.7076117829e-01
-4.4380870757e-01
-1.0029827981e+00
2.3716214325e-01
3.0919371781e-01
-1.1330464383e-01
9.2854829427e-01
-3.5986864069e-01
-1.3995623731e+00
-1.5856334211e+00
9.2096005907e-01
-9.9429182232e-01
-1.3137112369e+00
-1.8212273696e-02
-1.5568650571e+00
1.7230791715e+00
-3.8253280184e+00
-5.9776870945e-01
-1.4733588608e+00
-8.5748837214e-01
-1.5441774443e+00
-1.0004149758e+00
3.3313060152e-01
-2.2365638561e+00
-3.2523487660e-01
1.1438495441e-01
-1.0526371340e+00
6.8494179096e-01
1.0934588280e+00
2.7470526575e-01
9.3710996654e-01
2.6840890910e-01
3.9862488629e-01
6.4874933435e-01
3.1084209141e-01
1.4226963044e+00
-2.7798694853e-01
-2.6078797735e-01
4.5539190349e-01
5.1121314069e-01
-3.8502820650e-01
-1.6999945844e+00
5.8886931849e-01
8.0533915251e-02
-1.1893710691e+00
-1.5794919814e+00
-4.3796102638e-01
-1.1710855787e+00
-1.6839946205e+00
-1.0600462495e+00
4.2244704323e-01
-2.2372032925e+00
1.2486320138e+00
-4.5780512545e-01
-1.0394504889e+00
-3.6522359115e-01
-5.5831283581e-01
2.3798368351e-01
5.2300299703e-02
4.9309268443e-01
-5.2803709227e-02
1.0725259905e+00
2.2347586084e-01
-4.8529558713e-01
9.2110356097e-02
-3.9681886888e-01
-2.9752151242e-01
-2.5757338864e-01
-1.4500272649e+00
-1.6520620212e+00
-4.1053193156e-01
-1.3865980933e+00
3.3384240344e-01
-2.5079055778e+00
-5.8968029122e-01
-4.6393660511e-01
-3.1535231008e+00
-3.0501038522e-01
2.2343041229e-01
-6.5237081847e-01
-1.2818006262e+00
-1.7438667449e+00
-6.6889325199e-01
-3.9170325812e-01
-6.7958108881e-01
3.5833000750e-01
-7.6127546655e-01
6.2116651241e-02
-1.5448568096e+00
-7.5000372574e-01
3.7520985207e-01
-1.3811297672e+00
-1.0082524566e+00
-1.7577685922e-01
-5.4749887375e-01
-7.3378823998e-02
5.7303188225e-01
-1.8402463278e-01
-4.3730814144e-01
-4.3027846770e-01
-2.5933868331e+00
-5.8336599294e-01
-1.5794579933e+00
-2.4353737864e+00
-1.3507466493e+00
-7.6332754349e-01
-5.9549215549e-01
-9.3910647231e-01
-1.0288203748e+00
-1.9550070721e+00
-1.4731370296e+00
-6.4075518730e-01
-1.9452970345e-01
-1.3795715075e+00
8.7805306246e-01
-2.1232869684e-01
8.0435103217e-02
-1.7152055090e+00
2.2857881193e-01
-9.8895027103e-01
-8.3885999843e-01
-2.3134240720e-01
1.2255834457e-01
-5.4019201671e-01
-1.1256039916e+00
-6.9696667145e-01
-1.0503884345e+00
-3.4442896857e-01
-1.8069603618e+00
-1.4742005251e+00
-7.1317583784e-01
-4.8311880328e-01
-1.7249236156e+00
-9.3787761689e-01
-8.8479439205e-01
-2.3168308467e+00
3.5506094620e-01
-8.3495062173e-01
-7.2334482180e-01
4.6040146387e-01
-2.2806392067e+00
1.7506963667e+00
-1.1456904664e+00
1.0462302714e+00
6.2204116519e-01
-3.1036608775e-01
3.5738296514e-01
-3.7394761543e-01
5.7110132888e-01
6.2121207700e-01
1.2975012760e-01
-7.0956098590e-01
-1.1451744490e+00
5.7919958552e-01
-2.6666627810e-01
-5.8395225081e-01
-1.3420254381e+00
-8.7522324844e-02
-4.0080069620e-01
-1.7401139054e+00
-2.1220820379e+00
-9.1488147920e-01
-1.7920091318e+00
-8.5102071725e-01
-1.2292564071e+00
-2.2540674445e+00
7.1919408226e-02
-6.9025614067e-01
-3.3651523720e-01
-9.8203279756e-01
1.1160103450e-01
-1.3620224519e+00
-8.6666550036e-01
-6.7566092373e-01
-6.3787177088e-01
-7.0202691550e-02
1.8141754650e-01
1.1758523543e+00
2.0094691363e-01
9.8895476785e-01
-6.6241582323e-01
-1.4468075843e+00
-4.8069303114e-02
7.9880940177e-01
-2.1272428016e-01
-5.7237170608e-01
-1.9297153520e+00
-9.4871405881e-01
-1.6370095476e+00
-3.0113677602e-01
-1.6619264581e+00
-1.4500934496e+00
-2.3898058950e+00
-2.3399470608e+00
-1.0352764001e+00
3.0303496065e-01
1.4886730799e-01
-1.6589832793e-01
5.4502075779e-01
8.5490462018e-01
-1.5891439631e-02
1.0927998673e+00
8.9147057585e-01
3.1218782314e-01
-6.1432571378e-01
-8.3891105261e-01
-2.7665066005e-01
7.4359249536e-01
-4.5324807732e-01
1.9486005209e-01
-5.5178445678e-01
-3.9485944036e-03
-2.6545664967e-01
-3.5733851524e-02
-1.5160867919e+00
-2.0939787311e+00
-2.1410002189e-01
-6.2406197453e-01
-1.9911347408e+00
-3.4471037839e-01
-1.6845534681e+00
-4.7330993003e-01
-4.3874699533e-01
6.8920389439e-01
-1.3419928093e+00
-1.3524589049e+00
-3.5963266086e-01
6.5313416871e-01
-6.7372394003e-01
2.1532375966e+00
6.5746687433e-01
-4.7846226319e-02
-2.5669168059e+00
-1.4423880619e-01
8.0339903005e-01
2.5782106103e-01
-5.5145500678e-01
-1.7811287276e-01
-9.2069493125e-01
-9.4657814293e-01
-1.0410473748e+00
-2.0698420358e+00
-1.7081953205e+00
-1.8172810123e+00
-1.7635182763e+00
9.5675279893e-02
-6.3539350849e-01
-5.8815073157e-01
-2.1650240514e+00
-3.0661864198e+00
1.0593983569e+00
-1.2816890684e+00
2.0183552013e-01
-4.2094333008e-01
-1.9496879555e-01
-6.1654285447e-01
-1.2408351404e+00
-1.0080553556e+00
-1.2889137484e+00
-5.1858357814e-01
-6.7695162199e-01
-4.3804549511e-01
-7.2145762051e-01
-8.3451455793e-01
-1.5752667396e+00
6.6701068546e-01
-1.0611055864e+00
-1.4906594907e+00
-9.5578956419e-01
6.1815770358e-02
-1.5490909785e-01
-1.5417545309e+00
-1.3562146106e+00
-1.4544724920e+00
-1.3935114236e+00
-4.1611025168e-01
-4.3471762879e-01
1.1839226530e-01
8.3306843731e-02
1.6955605691e-01
-2.8986078451e-01
-1.8713412946e+00
-6.6694224201e-02
9.1292749747e-01
-9.6856772909e-01
-1.3850171825e+00
5.9873241231e-01
-1.6278236397e-01
4.9156981371e-01
3.1830307695e-01
-1.1883082373e+00
5.2691780997e-01
-7.8519234450e-01
-2.9858251977e-01
-1.4065901399e+00
-1.1280013047e+00
-3.0372522176e-01
-8.2158514951e-01
-1.8233526572e+00
-1.5882473671e+00
-2.3157633458e+00
-2.4906112219e-01
-1.8712590492e+00
-4.3805710075e-01
-2.0757197395e+00
-1.0504237148e+00
-1.6049993594e-01
-1.5351218518e+00
-1.8254698068e+00
-6.5370370826e-01
1.0519907870e+00
-1.0897228247e+00
5.8593539721e-01
-1.6884528111e+00
-7.0098853560e-03
3.2606469858e-01
-1.3994746751e+00
4.6541501016e-01
-1.7305150254e+00
-6.4383145193e-01
-1.1430840502e+00
-1.4814273218e+00
-1.2673454382e+00
5.2247956054e-01
-1.2889951208e+00
-2.5918498965e-01
-1.4154533593e+00
-1.7017271346e+00
-2.1485651828e+00
-6.6195214978e-01
-4.4195514373e-01
-2.0520276058e+00
-4.4650461451e-01
-2.3365405414e-02
-3.8432588056e-01
-1.4567931087e+00
6.7131603334e-01
-1.0224273035e+00
-2.1114430107e-01
1.0061369279e+00
1.2952015778e+00
-1.0464132386e+00
-2.3450162307e-01
-3.1281743870e-01
8.8162214380e-03
-1.0881974450e+00
-2.0136785621e+00
1.1086588100e+00
-3.8194368511e-01
-5.5755732446e-02
-7.7669127518e-01
-3.6076238251e-01
1.3779235295e-02
-2.4864524118e+00
-2.2836611486e+00
-8.7917570711e-01
-2.0767199929e+00
-2.7113623796e+00
-1.0639829239e+00
-1.1905879133e+00
-2.9380459282e+00
-8.7489727823e-01
-1.8705288562e+00
-6.7577210503e-01
-2.4827241270e+00
-2.6056312047e+00
-6.6165994757e-01
1.3456263787e-01
-9.3385952944e-01
-1.4401079004e+00
-3.3554110885e-01
-1.8417223587e+00
1.1181666477e-01
-1.2322044540e+00
-4.0363827104e-01
-1.6237832630e+00
-3.6408465945e-02
-2.3512871551e+00
-9.9599954421e-01
1.2424206313e-01
3.5705480773e-01
-1.7470377789e+00
-7.8878459734e-01
-2.3631286645e+00
-1.0771032697e+00
-2.1163197426e+00
-3.3788725562e+00
-2.4570572331e+00
-1.9526332600e+00
-1.9325391976e+00
-1.4467633594e+00
-1.2898292155e+00
-1.6952320209e+00
9.5867894315e-02
-3.1237292087e-01
1.3818095494e-01
-2.6065116892e+00
1.1259808036e+00
-1.9388842492e+00
-1.4027655167e+00
-5.9810944018e-01
-2.3367972560e+00
-2.1535515975e+00
5.2642273815e-01
-2.8907171919e+00
-2.2787317389e-02
1.2895238439e-01
-1.6046125923e+00
-2.2722945448e+00
-2.6205328295e-01
-3.4821719232e-01
-1.3494297195e+00
-1.1057613706e+00
-2.7792199179e-01
-2.3840592567e+00
-8.1659492157e-01
-2.5670136960e+00
-2.6928052554e+00
1.2554372919e-01
-2.2188221600e+00
-1.2762702105e+00
-1.2854412054e+00
-1.1851550745e+00
-2.2049944845e-01
-1.8572688911e+00
5.1685888616e-01
1.9298630229e-02
-5.0566181721e-01
-1.0197819582e+00
-2.0707649302e+00
-2.7996696733e+00
-2.6476349865e+00
-9.5387638959e-01
-1.5834984508e+00
-2.2382124096e+00
-1.3216008046e+00
-7.5013689382e-01
-6.2236653276e-01
-2.6632451868e+00
-1.0741085478e+00
-1.1596599505e+00
