-2.2823400584e-01
-5.6535861958e-02
-1.3894588966e-01
-9.0560616885e-02
3.6579863948e-01
1.5645893840e+00
-5.6833703690e-01
5.8577847947e-01
-2.3584013493e-03
1.9746861406e-01
-1.7105501292e-01
-5.5284453765e-01
-8.4525717636e-01
-4.3117129426e-02
-3.8338033809e-01
-7.9802698736e-01
3.1999963631e-01
-1.8758450490e-01
6.9487492091e-01
1.1934413583e+00
4.7823031137e-01
-6.7515730682e-01
2.0776221774e-01
-2.4938107121e-01
1.6573763113e-01
-2.2719532854e-01
-2.8950484047e-01
-9.9723990596e-01
-1.2418943762e+00
6.6269975214e-02
4.5864075606e-01
6.5951061320e-01
-5.0017145436e-01
-4.5979708134e-01
-5.5589344737e-02
3.9458537494e-01
-1.1406228915e-01
1.1199846150e-01
-1.7149202517e+00
-6.3157313277e-01
-4.1322846381e-02
6.2732981422e-01
-4.6670096863e-01
1.4249162740e-01
8.0899643335e-01
-7.2224334738e-01
5.2339030132e-01
-5.7236270852e-02
1.6750943090e-01
-3.8538994399e-01
5.6873796881e-01
2.8747915659e-01
-8.2413037883e-01
2.7608297091e-01
-1.3750236827e+00
5.8310942543e-01
2.4466887297e-01
4.5304042740e-01
4.6181326966e-01
3.1463497843e-01
-1.9887426591e+00
-7.4691865333e-01
-1.3650209462e-01
-2.5570084831e+00
5.8432928141e-02
-7.4693151319e-02
-1.4192006473e-01
8.4852152628e-01
7.2722317360e-01
-1.6913685937e+00
-3.7155554948e-02
1.1354270619e-01
5.3719936976e-01
-6.8301372085e-03
-4.9274341552e-01
1.4952274181e+00
9.5844836795e-01
1.4214718740e+00
-1.0310234124e-01
-1.4498912376e+00
2.2017540670e-01
2.5658413886e-01
2.6146786877e-01
-3.6313900702e-01
-4.1474332871e-01
-6.3038462498e-02
3.3288568872e-01
4.1978369796e-01
2.6477105050e-01
-1.0597268951e-01
-7.8645334828e-01
-1.5802660948e+00
-2.1501359449e-01
-5.7874441331e-01
1.4331015951e+00
-2.0743317730e-01
-2.0098298848e-01
-1.2073936488e+00
1.4714385913e+00
8.5897486857e-03
-6.8096904600e-02
-1.6301691148e-01
2.2265501948e-01
-2.9931334110e-02
-1.8927316917e-01
-6.0050158592e-01
2.6171807841e-01
-4.7084186957e-01
-7.1064326181e-02
-1.9652310699e-01
-6.6368720020e-01
-1.6273587345e-01
3.5033626769e-01
3.3099706964e-01
-2.8595975832e-01
3.9509755140e-02
-1.5199800552e+00
3.5991765923e-01
-1.3583612939e-01
-3.9391138782e-01
-2.9470347796e-01
1.0606881543e-01
-9.6343734059e-02
1.6049243707e-01
-3.3342441788e-01
-1.2736849686e-01
6.4484272411e-01
-6.7630018998e-01
1.5581898890e-02
-3.7404580144e-01
3.3767091982e-01
1.6332581253e+00
5.5454583111e-01
-1.6185177376e-01
6.7756980747e-01
-8.8693295868e-02
5.4327485715e-01
-7.1730149820e-01
7.0815227491e-01
2.8091109235e-01
2.7220111203e-01
3.4814082839e-01
4.7634077216e-01
1.5074645032e+00
