2.3963132004e-01
-7.9258632578e-01
-2.2342876668e-01
-9.7177707270e-02
-1.3573270243e-01
-5.9341682850e-01
4.9499824241e-01
-1.1204925919e+00
2.1032610314e-01
3.0262067877e-01
-1.7226232369e-01
7.4462595284e-01
6.4337746768e-01
1.4572675624e-01
-4.7190230401e-01
-5.0857818057e-01
8.3831244738e-01
1.8474837040e-01
6.4545511513e-01
-1.5335722966e+00
1.0119934449e-01
-1.2057639864e+00
3.6719943555e-01
1.7121421438e-01
1.7555069870e+00
2.4337692364e-01
-8.2499922949e-02
9.2476002985e-01
3.1845385235e-01
-1.6173282991e-01
-8.6686327726e-01
1.3518144906e+00
1.5810651266e-01
-5.5573558662e-01
-2.3392718828e-01
-8.9341357656e-01
5.5735199350e-01
-6.2062834087e-01
-5.9255957029e-01
-4.2571009599e-02
2.0947955548e-01
-2.6379225877e-01
-2.2728827950e-01
-1.2001329076e+00
1.6198889022e-01
-5.3609298696e-01
-9.3627776320e-01
-6.0223386039e-01
-2.3321470410e-01
-2.7512794756e-01
-1.0008292588e-01
-2.2963327568e+00
-1.4143230105e-01
-3.6909565594e-01
-2.8918936783e+00
-3.6948969744e-01
1.0980716321e+00
1.1760608491e-01
7.8481690291e-02
-1.8212566986e-01
4.9759829067e-01
-2.6382537637e-01
1.3951117144e+00
3.7850893661e-02
-1.6363954270e+00
1.9607975556e-01
1.0156446722e+00
-2.3238624481e+00
6.4147571402e-01
4.5730593069e-01
6.8842845039e-01
3.1787798597e-01
1.6298929060e-01
4.7247031062e-01
3.6422955489e-02
2.0763423083e+00
1.6348553904e+00
-4.1375699776e-01
3.4137012954e-02
1.1032875079e+00
-1.4384579095e+00
9.5536598237e-02
-6.5421728684e-01
-6.5087450134e-02
3.3891730689e-02
1.6493722501e+00
-1.0469991517e+00
-7.4794297474e-01
-6.4388045960e-02
1.7330915718e-01
2.1132117645e-01
1.7212125999e-01
-1.1174874002e+00
1.4324177895e-01
6.7840830772e-01
7.6644309039e-01
4.0008290047e-01
3.0844737062e-01
-2.9693718230e-01
4.4949915827e-02
-4.2001584271e-01
8.0612381904e-02
7.2650962152e-01
1.8398536646e-01
-7.1522914956e-02
9.4929963425e-01
9.8115930413e-01
-1.1892796547e-01
4.1371598930e-01
7.8068204503e-01
-1.1101997410e+00
5.0567994685e-01
-3.6530970695e-01
6.6386778433e-01
-2.3525992944e+00
-1.8621026717e-01
5.4701576328e-01
2.2473060084e+00
1.6590235752e-01
-5.9493044091e-02
3.7005484747e-01
-1.7842874652e-01
-5.2616835937e-01
-2.1348547692e+00
1.1112736534e+00
9.5542148342e-01
-1.3793721467e-01
-9.0974117873e-01
-3.0214153159e+00
-2.0425173965e-01
-3.1135946837e-02
8.0191322165e-03
-1.3476301543e+00
3.3186368191e-02
-2.6594632953e-01
-6.4359504739e-01
8.0586951398e-01
-3.1520640960e-01
-5.4365967804e-01
7.6098050422e-01
-8.6514610510e-01
-6.5903216786e-01
-1.1881862372e+00
6.6201658023e-01
