-5.4888795535e-01
-2.0081972145e+00
-2.9559775972e+00
-1.4827419856e+00
-1.3532251673e+00
-2.1094395654e+00
-1.2421436230e+00
-1.5988488907e+00
-1.8630043256e+00
-2.6199445572e+00
-6.4212723697e-01
-2.4847077366e+00
-1.8800831252e+00
-1.1690944151e+00
-2.2883473631e+00
-3.6043593887e+00
-2.5034693554e+00
-2.8084755341e+00
-2.7668194098e+00
-2.4463563536e+00
-8.8587765928e-01
-1.8570079011e+00
-2.2431120676e+00
-1.2915294829e+00
-1.1483010162e+00
-1.2040344571e+00
-1.4109585374e+00
-1.6357688562e+00
-1.7513175538e+00
-1.2994775874e+00
-1.0579302490e+00
-5.4972974172e-01
-2.4343611604e+00
-1.4815174235e+00
2.9591951664e-01
-7.1678221939e-01
-2.0659850502e+00
-2.3998185089e+00
-1.7608877991e+00
-1.8176980725e+00
-1.6440630618e+00
-1.5468225610e+00
-2.9639589554e+00
-1.7653355090e+00
-4.5135218100e-01
-2.2814926949e+00
-4.4371082809e-01
-4.8238383568e-01
-9.2736868397e-01
-2.5888869450e+00
-1.5864922549e+00
-2.3326287698e+00
-1.9752140934e+00
-9.1796555435e-01
-1.2962240696e+00
-2.1655721429e+00
-1.7126530329e+00
-2.6556337008e+00
-7.7924824422e-01
-1.8816695284e+00
-1.2130840664e+00
-1.0270871520e+00
-1.2573352271e+00
-3.7993420531e-01
-1.3228288683e+00
-7.3263736339e-01
-1.6684978408e+00
-5.6178462925e-01
-1.4478530636e+00
-1.0783149078e-01
3.8478642250e-01
-2.8050739283e+00
-1.7560325177e+00
2.6406513715e-01
-2.1335986130e+00
-8.2731308759e-01
-1.6743753432e+00
-1.7956234795e+00
-8.5670308901e-01
-1.3691960422e+00
-1.0237469473e+00
-2.3804678184e+00
-2.1258068911e+00
-2.1538640673e+00
-1.1568799686e+00
-1.0227289498e+00
-6.2118040924e-01
-1.3258468603e-01
-1.9712947383e+00
-1.8090888377e+00
-1.8267529190e+00
-1.5448797241e+00
-1.3587855309e+00
-4.0949317316e-01
7.6773951523e-01
-1.9535978459e+00
-1.0597668513e+00
-2.8885732582e+00
-1.4639399091e+00
-2.3354993930e+00
-8.5286461430e-01
-8.3813495473e-01
-1.9539172381e+00
-1.6134320363e+00
-2.4966408395e+00
-3.9552003009e-01
-2.3229406037e+00
-2.0959568643e+00
-1.0425024278e+00
-1.0023405980e+00
-1.9092315871e+00
-1.3506570173e+00
-2.7956314994e+00
-4.2505980126e-02
-7.3259154431e-01
-1.1184500314e+00
3.0419362609e-02
-1.8514146061e+00
-1.8178349917e+00
-1.0928619701e+00
-1.6751440746e+00
-8.4384947034e-01
-7.4003428292e-01
-1.2696376066e-01
-2.6493818923e-01
-1.7925604014e+00
-7.7373135844e-02
5.5908229283e-02
6.9738421446e-01
1.3123215120e+00
-1.1851716143e+00
-1.5648568400e+00
-2.2854267598e+00
6.3191920550e-01
-1.4417209859e+00
-1.2319973537e+00
-6.9181147224e-01
-1.4014142717e+00
-2.6081284504e-01
-1.0321544248e+00
-3.4028173878e+00
-1.0358454429e+00
-2.1182041046e+00
-2.5108353915e+00
-1.6989615343e+00
-1.6968323588e+00
-9.6394694664e-01
-1.0879269820e-02
3.8441140475e-01
-6.0670753276e-01
1.4037249961e+00
-1.9107962723e+00
-1.6162159559e-01
2.3349303487e-01
1.4567093950e-01
7.4682916696e-02
-1.3543391867e+00
8.2174163375e-02
-4.7930925775e-01
-3.1589561992e-01
-4.1012192754e-01
-8.5525768578e-01
-4.0089891887e-01
-8.3405990909e-01
-1.4550407015e+00
-1.4603555255e+00
-1.0370006247e+00
-2.5291980311e+00
-1.4564075279e+00
-2.4897154164e+00
-6.5705665878e-01
-3.7501687723e-01
-1.9931103187e-02
-2.5523071975e-01
1.1688456724e-01
-3.2484012466e-01
-1.8354211371e+00
4.6852726123e-01
-1.6662431384e-01
-3.7013350201e-01
4.6950066654e-01
1.0417152623e-01
-5.0962919121e-01
5.2383325461e-01
-1.0774571960e-01
1.5145051348e+00
-2.7207141873e-01
-2.2156392678e+00
-4.0792098527e-01
-3.3191658548e-01
-1.7744521717e+00
-1.4470136584e+00
9.0720762717e-02
5.5664144193e-01
-7.9747978008e-01
-1.0706171165e+00
-1.0393456384e+00
-6.9012319420e-01
-3.0108027536e+00
-1.5965002247e+00
-3.1574754833e-01
-1.5859677530e+00
-6.0046195770e-01
2.1807912414e-01
-5.9575796857e-01
-1.3723747075e+00
-3.7410265919e-01
2.2334089867e-01
-9.4127546795e-01
9.1151348873e-01
-9.2462328556e-02
4.9341231389e-01
-1.6637224245e-01
8.2204822007e-01
2.0406926486e+00
-2.1219126450e-01
-8.8309005287e-01
5.1885455140e-01
-8.9524363368e-01
9.7193288716e-02
-3.6170755032e-01
1.4811236530e-01
-2.7464925997e+00
-1.0243958721e+00
-3.6710232124e-01
-1.4111560347e+00
6.3016763156e-02
1.5754784505e-01
-2.6449643037e+00
2.5935611175e-01
-1.8389456618e-01
-1.9535996588e+00
-3.6330437650e-01
5.4137411936e-01
-2.2956220190e+00
-3.4899401863e-01
3.8523574996e-01
-6.3919790834e-01
1.0096777397e+00
-4.8164775770e-01
-1.0919839102e+00
2.2702080841e-02
2.4394852683e-01
1.3611444621e+00
2.3238839738e-01
-6.8411048406e-01
-1.1508167629e+00
-7.6947143965e-01
-1.9484331997e+00
-6.5614134432e-01
-2.3564466529e+00
-6.9205150489e-01
-2.4174273794e+00
-2.0321500817e+00
-8.4588125282e-01
-1.5879324576e+00
-2.8835916638e+00
-2.5167888071e+00
-6.5952822279e-01
-4.7445554709e-01
8.0925002813e-01
-6.9940190874e-01
-6.9306189917e-01
5.4352615182e-01
6.9799524861e-01
-1.3922994463e+00
-7.1059535180e-01
-1.2447472867e+00
5.1502253152e-01
-3.1654392671e-02
8.2161000272e-01
-1.1121168232e-01
-7.7920138696e-01
-7.1823769541e-01
-3.8399455865e-01
9.1767922858e-03
-1.2940408213e+00
-3.6930310519e+00
-1.4643385336e+00
-3.4231663782e-01
-2.2521782231e+00
-1.1192679947e+00
-1.2394401834e+00
-5.0871127090e-01
-1.5632308417e+00
-6.9584046336e-01
-1.3767158440e+00
-2.0122785469e+00
-3.8719289749e-01
-2.2075049227e+00
3.2343761330e-01
-1.1915342857e+00
-7.7302689802e-01
-8.0437471916e-01
9.3328469772e-01
-1.7403514056e-02
9.7108728122e-02
-4.6116302344e-01
3.1410317128e-01
-3.1610909109e-01
4.1291507225e-02
1.2031832823e+00
9.4391885364e-02
-7.0936756470e-01
-2.0394245692e+00
-3.2525919380e-01
5.9073227381e-01
-8.3854371991e-01
5.4310710376e-01
-2.2758469674e+00
-1.2662736454e+00
-1.3146467876e+00
-7.5002609065e-01
-1.8037693640e+00
-4.9280636995e-01
-3.0624721581e-01
-1.1092471305e+00
5.0396643821e-01
-7.2913793021e-01
-1.0462991988e+00
3.7664316583e-01
-4.3954046838e-01
2.1535967416e-01
-6.3945682452e-01
6.7814720733e-01
-1.4645079469e+00
1.8245995134e-01
-9.3953544867e-02
-1.0662756625e-01
1.0813943289e+00
3.5164453698e-01
4.1843431450e-01
-1.5133672259e+00
-2.8802332640e+00
-1.6437201720e+00
-9.1014341759e-01
-1.4011562936e+00
-9.6756094186e-01
-1.2385234229e-02
-1.0562628747e+00
-1.2709787494e+00
-8.8574361260e-01
6.7148784269e-01
1.8357729899e-01
-8.6376348108e-01
-1.5298995438e+00
-6.5814649562e-01
5.7367360765e-01
-1.2253082541e+00
3.8040915238e-01
-6.6270043635e-01
-1.7501064282e+00
-5.7814600864e-01
6.6918367242e-02
9.4606563941e-01
1.1454611749e+00
-5.6224818303e-01
2.6281947171e-01
2.3657540677e-02
-1.2927785376e+00
-1.8762037364e+00
-2.2203852615e+00
-1.3131779300e+00
-1.8642052472e+00
-2.5793210469e+00
-2.5664000900e+00
-2.3727154886e+00
-9.7735856693e-01
9.2536107794e-02
-8.3232756505e-01
-2.1833026987e+00
-4.5846975165e-01
1.2567550160e-01
-1.3611419261e+00
-1.2225498829e+00
7.3694420928e-01
-1.6098138906e+00
-1.7040781662e+00
4.5725942890e-01
3.9981682919e-01
7.2210202220e-01
-7.7846943972e-01
-3.4044317392e-01
2.2600245148e-01
-1.2659841908e-01
-7.5356499269e-01
-1.3491140454e+00
-5.6219618776e-01
-4.6304637996e-01
-3.6329779097e+00
6.6215626285e-01
-1.0590255143e+00
-3.1533881216e+00
1.0263028402e+00
-7.2908277372e-01
-1.0086140176e+00
9.2282918692e-01
-2.4278938350e+00
-1.0391127010e+00
-1.3459840372e+00
-3.8372048900e-01
-3.1467284607e-01
-3.8702411970e-01
1.7927274559e-01
1.4449904963e+00
-3.1207675165e-01
3.6182162963e-02
8.6977212740e-01
4.3259982837e-01
4.9792019474e-01
-8.7645804919e-01
-8.4242726726e-01
-1.1121465781e+00
-1.0271916146e+00
-4.5187177353e-01
9.8591147911e-01
1.5629053612e+00
-1.2581228622e+00
-2.1229621816e+00
-1.2047519039e+00
-1.7273748332e+00
-2.1140763329e+00
-6.4109006086e-01
-1.7595900344e+00
1.6864354728e-01
-9.1969369456e-01
-8.3697777044e-01
5.6892523434e-01
-9.2959779391e-01
-1.2941506267e-01
-2.5718714683e+00
1.5745293970e+00
1.2244811634e+00
1.4858566896e+00
4.8227068529e-02
-1.4886197372e+00
6.2154348679e-03
-8.2614853104e-01
1.0223809485e+00
-9.2259229620e-01
1.7133089813e-01
-1.8374735014e+00
-1.1534158657e-01
-6.8750557157e-01
-6.5275913785e-01
-1.1413374312e+00
-2.1935472361e+00
-1.8376128375e+00
-1.3575368652e+00
-2.2375857282e+00
7.8922809062e-01
-6.8780548745e-01
-1.1674579657e-01
-1.0149991216e+00
-4.9070071274e-01
-1.3947552358e+00
1.3956803055e+00
3.0940074467e-01
-5.5708877489e-01
1.4372223705e+00
-1.1260584446e+00
2.0377573227e-01
-1.3420165145e+00
8.8258147804e-01
2.8111492711e-03
-1.0496944840e+00
2.6141317536e-01
-1.6203563335e+00
1.3817835426e+00
-1.4267579218e+00
4.6327022867e-01
-1.9559765141e+00
-1.7663636941e+00
-6.2834395384e-01
-2.2135453475e+00
-1.9398535513e+00
-7.7914971922e-02
-6.6099686722e-01
-1.0609078392e+00
-1.7489348572e+00
-6.9489648670e-01
-3.2955325843e-01
-1.0272697199e-01
-1.1982775129e-01
8.7023989045e-01
-6.6413227705e-02
-3.2436654872e-01
-2.9250355028e-01
1.2300226399e+00
-1.2504393473e+00
1.1698092946e+00
-9.3812838863e-02
-2.3560415236e-02
8.2424276906e-01
6.6697635947e-01
-4.9646541911e-01
-2.2098574099e-01
-1.0901040994e+00
-2.5737274300e-01
-7.7944063703e-01
-7.6588032676e-01
-2.6241839493e+00
-2.5813746630e+00
-1.7199319395e+00
-3.0038141112e+00
-1.6539549387e-02
-2.1562683246e+00
-5.9934411756e-01
-2.0151486443e+00
-1.5529873979e+00
3.8600206911e-02
4.1073737085e-01
-2.8360531917e-01
-1.1437956706e+00
1.1245663416e+00
-8.7157341234e-01
-2.6562177492e+00
-1.1785356044e+00
-1.0722526874e+00
1.8367808796e+00
-3.8451385694e-01
-9.8606659520e-01
2.0155032716e-02
-6.4103367562e-01
3.8310979357e-01
4.6147751221e-01
-5.8102209811e-01
-6.7899238997e-01
-7.3256630217e-01
1.9730998652e-01
-1.6273110632e+00
-6.5807932717e-01
-1.5090324031e+00
-2.2788036193e+00
-1.5733361317e+00
-5.6703734765e-01
-6.6116012463e-01
-8.9405632498e-01
-7.6175369023e-01
-9.3329918075e-01
-2.4491037784e-01
-6.8018004662e-01
-8.2135727546e-01
4.1435347976e-01
-1.6994439728e+00
-8.6454784810e-02
2.4380591094e+00
4.3021884920e-01
-3.7040629044e-01
-3.1784207431e-01
6.4622980820e-01
-9.4134698021e-01
-2.1150617545e+00
1.1002057378e+00
-1.3565551945e+00
-6.5025787626e-01
-2.9093779395e-01
-2.5306845041e+00
-6.9652890791e-01
-6.6441528967e-01
-1.7215527513e+00
-1.5990887197e+00
-4.7695901383e-01
-2.7835663092e-01
-3.5742464267e+00
3.0603014944e-01
-8.1611804206e-01
1.5863193049e-01
-2.4695411183e-01
-1.3347682142e+00
8.1629685576e-01
-7.9210713677e-01
1.4091108626e-02
-4.4078932533e-01
6.2203174841e-01
2.0277463529e-01
1.1640673630e+00
-1.2145466016e+00
3.0413768586e-01
-1.0886388719e+00
-1.1631509107e+00
-2.3397162385e-01
-1.3235609980e+00
-1.6069472461e+00
3.7948666643e-03
2.7269332130e-01
-1.4949745613e+00
-2.0864076960e+00
-2.2305606961e+00
-1.6075024031e+00
-1.3253341957e+00
-8.4772448577e-01
-4.0202086580e-01
-3.4190655458e-03
-4.5089000291e-01
-2.8377053645e+00
-3.4287346609e-02
-4.8690181869e-01
1.6535841407e-01
-4.3524434108e-01
7.9432203270e-01
-4.0732239767e-01
-4.6170950085e-01
1.1932015187e+00
-2.4129955743e-01
1.4713015423e-01
-1.0076139947e+00
-8.3442719505e-02
-6.6617280063e-01
-3.9269432754e-01
-2.3942465778e-01
5.5320328982e-01
-1.8243791940e+00
1.2829674156e-01
-1.3039909267e+00
-2.1462746025e+00
-3.4084455061e+00
-1.0754549665e+00
-8.0625760339e-01
-9.8274598870e-01
5.6971587260e-01
-1.9393659834e+00
1.1495345474e+00
-2.0025724167e+00
-1.7108336492e-01
1.7492170881e+00
-1.6152731832e-01
-3.3532096508e-01
-2.6745793616e-01
2.2842690146e-01
8.6159738008e-01
6.4871630273e-01
-2.7864054649e+00
-1.8668278105e-01
-1.1800168467e+00
3.8954757601e-02
2.3359422313e-01
-1.4359230294e-01
-1.3728885037e+00
-8.8625879144e-01
-1.6045504833e+00
-1.2862718179e+00
-3.1446006958e-01
-1.9172323292e+00
-2.7300497235e+00
-5.6904728233e-02
-1.4403023027e+00
-1.1912155216e+00
-9.9700557821e-01
-2.5613522084e+00
-4.6780867864e-01
-1.6982766709e+00
-9.0302313532e-01
-8.6427804728e-03
-1.4425243936e+00
-7.7735238081e-01
-2.2837166214e-01
2.7983334494e-01
-9.2177594145e-01
-8.6448440418e-01
-3.4236804266e-01
-1.1624913429e+00
3.1856130031e-01
-1.8950724736e+00
-5.6154673928e-01
6.5800620266e-01
-5.3153160135e-01
-6.9450027251e-01
-2.2969699375e-01
-5.5036149394e-01
-2.6349714497e+00
-1.3362635450e+00
-4.9300308001e-02
-2.0248889567e+00
-9.4311991909e-01
-1.7421034683e+00
-2.3476658977e+00
-3.2108574970e+00
-4.7514334032e-01
-6.8523842354e-01
-2.1932215655e+00
-8.6098434549e-01
-5.0091538808e-01
-8.8790380444e-01
-5.1961452853e-01
-3.5423027305e-01
1.2011254169e-01
-1.2996877463e+00
3.7262528077e-01
-8.4490016321e-01
-9.5393052666e-01
-7.4737520547e-01
-5.6695643071e-01
-5.2418647643e-01
-3.6864751010e+00
-1.8054300636e+00
-1.1840299269e+00
-2.2181724836e+00
-1.7585426758e+00
-2.2649162961e+00
-1.5712966229e+00
-2.9987756724e+00
-4.1347347984e-01
-3.2965603182e+00
-1.9443596375e+00
-8.1318547203e-01
-1.6107625014e+00
-6.7909454862e-01
-2.6587414019e+00
-2.5159473789e+00
-2.1798401780e+00
-1.3675682189e+00
-1.6079910983e+00
-4.2201355091e-01
7.1157732233e-01
6.6214158185e-03
-9.7096174986e-01
-4.3229235590e-01
-1.6474879824e+00
-6.0577761644e-02
-9.4048246252e-01
-1.1023096678e+00
-3.1003877449e+00
5.6879021457e-01
-1.4454268727e+00
-9.8338391677e-01
-3.6761108154e+00
-2.4235321810e+00
-1.9551873731e+00
-2.7726766554e+00
-1.2779643846e+00
-1.9897683350e+00
-7.5781334115e-01
-8.2135660806e-01
-1.3703953117e+00
-8.6728203484e-01
-8.8851403300e-01
-2.4768973886e+00
-1.3991188787e+00
-2.1795524214e+00
-2.1754309211e+00
-1.9594184719e+00
-1.3812288024e+00
1.0987465145e+00
-7.7273699828e-01
-8.8444687405e-01
-1.6828459735e+00
-1.1753337660e+00
-1.5959873797e+00
-2.1319304120e+00
-1.1880431127e+00
-1.3395518728e+00
-3.9629859891e-01
-1.3133988427e+00
-8.9355745618e-01
-3.1401797382e+00
-2.1451827826e+00
-2.1668787880e+00
-8.4238552351e-01
-6.9192734986e-01
-1.7227455247e+00
-1.4411337146e+00
-9.8515787937e-01
-2.3438106006e+00
-3.2974395677e+00
-1.5879337068e+00
-1.7843370089e+00
2.6485842824e-01
-3.3343867367e+00
-1.6042830919e+00
-2.0845314733e+00
-2.5092218639e+00
9.7015286020e-01
-3.3514135995e+00
-2.0570914662e+00
-7.9031811229e-01
-1.9163853380e+00
-2.3271044155e+00
-6.5764805860e-01
-1.2813741117e+00
-2.1847879379e+00
-3.2260233927e+00
-1.1989895931e-01
-2.2249415531e+00
