5.9977469029e-01
6.8824124086e-01
-1.1063908420e+00
9.4515284604e-01
-1.7690815958e+00
5.3590772329e-01
-1.9460286813e-01
8.8710244352e-01
-1.0157105969e-01
-7.5729658272e-01
-3.5627977801e-01
8.9953470428e-01
-1.5892681473e-01
-7.4981003531e-01
6.5885310609e-01
-1.9541110475e+00
-1.3994327094e+00
5.8251197152e-01
1.1744639639e+00
8.6499301165e-01
6.1794839991e-01
9.5017229950e-01
6.1342399549e-01
7.4526250159e-01
1.1296509155e+00
1.7794813503e+00
2.5829707768e-02
1.0406008898e+00
1.2487743862e-01
1.5669318688e+00
-1.0993411719e+00
-9.4828770664e-01
-1.4671663559e-01
7.8459463260e-01
-8.3525025057e-01
3.0261751845e+00
9.2505189980e-01
6.6506245157e-01
-1.2958273183e-01
-1.0194725390e+00
2.4188793074e+00
2.5091195231e+00
-4.4243187375e-02
-1.9070953272e+00
1.2844336969e+00
-4.2506158186e-01
1.2791937700e+00
-8.8560274989e-01
-2.8847077360e-01
1.2354011034e+00
6.8474728147e-01
-8.4191931724e-01
1.1619769179e+00
2.4956876217e-01
1.0510640479e+00
-2.5779703021e+00
-1.1843750675e+00
-1.2712409015e+00
9.3618249115e-01
6.8781217175e-01
-7.7071359199e-01
1.1321123086e+00
-2.5540186565e+00
2.0485735500e+00
7.1182301822e-01
8.8894697754e-01
-1.0886136982e+00
6.9952542532e-01
9.7929194580e-01
-9.3264644353e-01
9.4677364186e-01
-1.9807947235e-01
7.6973231039e-01
-1.4182132399e+00
-1.0057031309e+00
9.0883431082e-01
-2.7837504293e-01
8.0299830225e-01
-8.2936746791e-01
-1.3436530924e+00
-1.4341425758e+00
-1.0616089700e+00
-1.3681063182e+00
7.8943436740e-01
1.1175213353e+00
1.0509618178e+00
-1.7646799463e-01
-6.6944232393e-02
1.1496971766e+00
-2.6963581698e-01
6.7393048846e-01
4.1825565037e-01
1.4133513568e+00
2.0691067401e+00
-1.1489225129e+00
9.5666672868e-01
9.4361552995e-01
2.7512361284e+00
8.0941338231e-01
4.7942667329e-01
-1.4844118308e+00
9.8847100152e-01
3.1036550070e-01
1.6449267227e+00
-1.3669611917e+00
-4.9802907777e-01
1.3547736977e+00
6.7232013910e-01
9.9987134211e-01
2.1260473226e+00
7.8221264708e-01
-1.3636291859e+00
1.8488082046e+00
-2.3522019961e-01
-1.3439287057e+00
-1.2152326973e+00
1.4787694175e+00
-7.1142641804e-01
-5.5857848071e-01
-1.8870498564e-01
3.6317022530e+00
-5.8418895584e-01
2.5895939452e-01
3.5577127197e-01
1.0293878227e+00
-5.1576626727e-01
1.1437324421e+00
6.6777917968e-01
-6.1745186152e-01
-5.0483606169e-01
-1.3175272967e+00
-6.0763470471e-01
6.1976501529e-01
8.6293681816e-01
6.8996183849e-01
1.1277174938e+00
1.6071003626e+00
-8.0119411359e-02
-1.0089108987e+00
-2.5050626974e-01
-1.4483291362e+00
-1.6707798762e+00
1.4235076922e+00
-1.2960155370e+00
