-1.6942519763e+00
-1.2040873809e+00
-9.4116169942e-01
-7.0722967330e-01
4.8364396150e-02
-9.8375250565e-01
-1.7215596218e-02
1.1122971342e+00
-1.2311606400e+00
-3.1863971218e-01
8.3077271508e-01
3.3886342533e-01
-1.1884085542e-01
-5.3464363341e-01
4.8960829325e-02
1.4515499838e+00
7.9839205321e-01
-5.5628297675e-02
-6.2322805519e-01
1.7510613849e+00
2.6949483561e-01
5.0257236824e-01
-5.9083661959e-01
5.2501220910e-01
-8.6404475953e-01
1.1793974241e-01
-4.1783990484e-01
7.4363424299e-01
-5.6663648658e-01
1.3692258082e-02
-9.5265625175e-01
-1.2109401152e+00
-3.3494840704e-01
-9.0003114029e-01
-1.1344847049e+00
3.8973251837e-01
-6.9271681055e-01
2.1819454275e+00
-2.8746946941e-01
1.2052198054e-01
-2.8132212644e-01
1.4006319457e+00
1.7253610705e+00
-6.8039415100e-01
2.3413235821e-01
4.2079318809e-01
2.2838273817e-02
-4.0568582879e-01
4.0464423713e-01
1.4049010489e+00
2.5785089778e-01
-1.1326714430e-01
1.3694838429e+00
-8.3349216916e-02
