-3.5788329553e-01
-6.8224625226e-01
-1.8692098663e-01
1.7280188005e-01
5.8769403076e-01
1.4326621064e-01
-9.6581504062e-01
-2.9514176412e-01
3.5354243570e-01
-7.1798081511e-02
-8.2697313871e-01
4.9816578307e+00
-8.0200085540e-03
-8.1595099752e-02
-2.0411605268e-01
-8.1124847812e-01
-2.7425666455e-01
-3.4372755764e+00
-1.1451432247e+00
1.5200026570e-01
-2.0424375387e+00
-2.4638760085e-01
-1.1316472400e-01
1.8494963273e-01
-7.4444496049e-02
8.3960548595e-02
8.3432283140e-01
1.7360237026e-02
4.6700290644e-01
1.7978896137e+00
2.7993538607e+00
-3.4646306400e-01
4.8841300166e-01
2.9331877687e-01
1.2001151388e-01
-2.6073469844e-01
-9.1333149023e-02
-9.1928112122e-01
2.9208977577e-01
7.3582745981e-01
-2.6009286038e-01
-2.6641898541e-01
-4.2733393439e+00
1.4363042238e+00
4.4604965589e-01
-2.3441426853e+00
6.2928005185e-01
4.2080376685e+00
-4.3147469796e-01
-6.9021114458e-02
5.0029447164e+00
1.5349210068e-01
-2.2894566888e-01
-7.4500624465e-01
7.3925894144e-01
-5.3986317530e-01
-6.5213675547e-02
3.5351307301e-01
5.6966008935e-01
-5.2252099020e-01
8.4452104797e-01
5.0852673329e-01
-1.0407031450e-01
6.6636325534e-01
-1.0772911729e+00
-4.9871474005e-03
-8.8768467544e-01
-2.1498357472e+00
-3.9132562453e-01
-6.3171527678e-01
4.7508209899e-02
-4.3592157332e-01
-2.2938575460e+00
1.1043293398e+00
6.1330877208e-01
-4.7549729240e-01
1.1955259097e-01
-7.6976055107e-02
-6.5748617075e-01
8.8835132393e-01
-7.7070912483e-02
2.6243636415e-01
4.9425865778e-01
-1.1444155292e-01
2.5381774060e-01
8.6092857029e-02
-5.7780736280e-01
-1.0490164721e-01
-9.7920943112e-01
-4.7895501569e-01
-2.8587319340e-01
-4.0773387240e-02
-3.8605668229e-02
-1.2844289342e+00
3.9026859564e-01
4.3595448292e-01
1.7663738950e+00
-2.0100195734e+00
6.7540882741e-01
6.8999579916e-01
1.1739631810e+00
9.0504702622e-01
5.4200290080e-02
3.8133059810e-03
-1.9534740682e-01
-7.8449975503e-01
-4.2180912181e-03
-4.9193483749e-01
-1.9563216847e-01
5.2859245391e-01
1.2792163136e-01
6.4315958021e-02
-7.1235069980e-01
-5.0635903334e-01
-7.5730871182e-01
-1.6278504454e+00
-4.5708840166e-02
-1.6999878042e-01
-6.1740781205e-01
2.7212174142e-02
1.8957700655e-01
-4.7837663825e-01
-1.3387259831e+00
-1.8702956409e+00
1.9693754201e+00
-8.2998148790e-01
-1.0755789676e+00
-5.0773199455e-01
1.1323792881e-01
-3.7372206250e-01
-4.8636824396e-02
-1.0427890102e+00
3.3738519705e-01
-5.3263319781e-01
-1.2150451822e-01
-1.6926153974e+00
-1.8787779148e-01
-5.2090559143e-01
4.3556398297e+00
-3.3201499373e-01
5.1068538700e-01
1.2399160896e+00
4.9014844603e+00
-3.9879250888e-02
