1.0833752518e-01
1.7174410008e+00
-1.1426987559e+00
1.3700930456e+00
7.8508988885e-01
-6.0881952085e-01
-5.1270438284e-01
8.6180718203e-01
-4.7936687088e-01
-3.1389285835e-01
1.1513336363e+00
9.5338680185e-01
4.2564639831e-01
1.6625252801e-01
-1.1113493385e+00
-2.5705007171e-01
-7.3949827928e-02
-7.0617497735e-01
9.5970348010e-01
5.3284048733e-01
-3.7222507711e-01
-4.8768745934e-02
9.0174081772e-01
6.2011433346e-01
-1.8652506516e-01
1.3216140755e+00
8.3529227895e-01
2.2180433901e-01
7.8595104893e-01
9.4736576859e-01
4.2375361011e-01
1.8443899036e+00
-1.7154015128e+00
4.6934622125e-01
-1.4592481011e+00
-9.2906812714e-02
-5.8792950801e-01
-1.5334497845e+00
7.9952632844e-01
-1.0353504875e+00
3.2028195854e-01
-4.3243577810e-01
3.3212128757e-01
-4.3447616638e-01
-7.4978614069e-01
6.9003071993e-01
-3.6292542767e-01
1.7046682358e+00
2.1942280395e-01
-1.1410065583e-01
9.6269119550e-01
-9.5543958297e-01
-1.7739821607e+00
3.0651979940e-01
