-2.7277381091e+00
-1.5315129671e+00
-2.7268859188e+00
-2.2729403907e+00
-1.4376673612e+00
-7.3138579215e-02
-8.2572773471e-01
-2.2026186837e+00
-9.5000779622e-01
-1.9132002194e+00
6.5412909772e-03
-9.7384174849e-01
-1.6677247716e+00
-9.6494194174e-01
-1.3413067007e+00
-1.8103683709e+00
1.5410732936e-01
-1.1978549064e+00
-2.3298216892e+00
-1.6630960246e+00
-2.4702589400e+00
-1.2829984858e+00
-2.6655056469e+00
-1.2558676935e+00
-1.7724528592e+00
-1.7257846825e+00
-2.1892151996e+00
-2.3033089223e-01
-2.4139623964e+00
-1.0871265192e+00
-1.2734786905e+00
-1.3732997420e+00
-1.7313217310e+00
-2.4034112013e-01
-2.7011019496e-01
-1.2469239829e+00
-1.9452401729e+00
-1.8662589317e+00
-1.3820281869e+00
-1.6132445475e+00
-2.5387150833e+00
-1.3938882451e+00
-2.1296428026e+00
-3.0074865211e+00
-5.2827356170e-02
-7.7780838386e-01
-1.6123814207e+00
-4.5361340268e-01
2.1035698867e-02
-1.9565035147e+00
-3.2132263226e+00
-1.6773303205e+00
-2.3090031465e+00
-1.1745820241e+00
-1.0622303597e+00
-2.6701377855e+00
-1.6371031273e+00
-1.0162207386e+00
-1.5533823789e+00
-2.8565366279e+00
-7.1957745492e-01
-4.1175858102e-02
-1.5998522903e+00
2.5172693542e-01
-1.1470430842e+00
-1.4144427694e+00
-2.2909355827e-01
-2.1917131711e+00
1.2910608148e+00
-1.3317589004e+00
-1.9914037459e+00
-1.3207330713e+00
-6.3168248107e-01
-1.5525924509e+00
-4.0218116189e-01
-1.2302290936e+00
-1.7709073075e+00
-2.1196292871e+00
-3.7966863079e-01
-1.0082110113e+00
-2.1182699326e+00
1.5101497758e+00
-5.1287170559e-01
-9.3610452196e-01
-2.2644628495e+00
-2.2931017073e+00
-1.6628043483e+00
-8.2713650266e-02
-7.8691758571e-01
-1.6679772504e+00
-2.0430977559e+00
-2.6760072097e-01
-3.2597260141e+00
-5.1008643140e-01
-8.7825304724e-01
-1.1148945022e+00
-1.2316534520e+00
-4.8668136543e-01
-1.0701919648e+00
-1.4417353034e-01
4.3324791604e-01
-9.5349775484e-01
-7.0614447344e-01
-7.7025282696e-01
-2.2368829191e+00
-1.1868115696e-02
1.2564715032e+00
-4.9536856433e-01
-9.7796238316e-01
-1.9960196254e+00
-2.0019019998e+00
-1.3192427147e+00
-3.2110202749e+00
-3.8665627836e+00
-6.9499881984e-01
-2.2221992366e+00
-1.2290604023e+00
-1.9257356713e+00
-1.7199068043e-01
-8.3378447497e-01
-6.5584669970e-01
2.0309354838e-02
-3.6317528704e-01
-1.6616546194e+00
-1.1170816057e+00
-1.5072383690e-01
-3.7183536663e-01
-3.6575835865e-01
-1.5374477757e+00
-4.9547103786e-01
-2.1492791071e-01
-2.2302812000e-01
-3.2946057010e-01
-1.8769631088e+00
-4.2369576620e-01
2.5029634166e-01
-1.2117144665e+00
-6.7604028463e-01
-3.1415613229e+00
-2.1252939938e+00
-8.3181558927e-01
-6.0422796654e-01
-3.1249599035e-01
-1.2590172086e+00
1.2202426400e-01
1.0443790628e+00
8.5680449343e-01
-1.3814323567e+00
-1.3021377998e+00
4.4049300924e-01
-1.3313049405e+00
-1.4767842270e+00
9.3242076638e-02
3.4193611714e-01
-2.2492752003e-01
2.4551992432e-02
-2.6149518109e+00
-1.2451168946e+00
-3.8696393342e-01
1.8494953053e-01
-5.2538893324e-01
-7.6648050735e-01
-1.2841936772e+00
-1.7505101714e+00
-4.9023542740e-01
-3.7970561959e-01
-1.6804460108e+00
-2.3853032010e+00
-5.4740496413e-01
-3.2202174604e+00
-7.1529532755e-01
-6.6297999318e-01
-8.6525245703e-01
-2.1664900191e+00
-9.4434303629e-01
-2.5533552791e-01
-8.8983219910e-02
4.7310054097e-01
7.5582428336e-01
-3.0289389913e-01
-1.4702722025e+00
-5.3622566869e-01
1.3893168809e+00
-5.4009894367e-01
2.2760085801e-01
-1.9525792954e+00
-4.6018217553e-02
-1.2579247141e+00
-6.4872872327e-01
-1.4151445218e+00
8.2529123635e-01
-8.9533220061e-01
-1.4807196628e+00
1.3176068303e+00
-7.6439689780e-01
-2.0925959985e+00
-2.6993389218e+00
-4.3690616746e-01
5.1738784487e-01
-7.3368334881e-01
9.6917854328e-02
-5.5616806739e-01
3.8363022564e-01
1.1816364860e-01
-4.6710885592e-01
-9.0196591920e-01
1.7888101899e+00
-3.3901540232e-01
2.1872698774e+00
7.5317481106e-02
7.4722971497e-01
1.4213193604e+00
8.4818660756e-01
4.5411490182e-01
-2.9545030804e-01
1.4891973376e+00
-6.5836581789e-01
3.5215757876e-01
-4.7040461787e-01
-1.1658919068e+00
-8.1559218755e-01
4.7056669326e-02
-1.7508720714e+00
-6.1841681039e-01
-1.0926892467e+00
-7.6495129027e-01
4.3715297915e-01
7.6769487126e-02
-1.1309818739e+00
-2.4020932301e+00
-1.1908801815e+00
-1.0737827669e+00
1.7835476801e-01
-1.1498294485e-01
-1.7481031814e-03
2.2532500956e+00
-1.3142588722e-01
-1.4581390226e+00
-6.7521983677e-02
3.2935951597e-01
-2.3257589520e-01
4.7556095422e-01
-1.0432335016e+00
-7.6024355457e-01
1.0212925711e+00
-8.0917550236e-01
7.5738938851e-03
-5.6265765795e-01
-7.3510938649e-01
-2.4974112399e+00
-2.7038809668e+00
-1.2578139913e+00
5.5415413546e-01
-1.1861077193e+00
-1.7988819362e-01
-1.3662313869e+00
-1.3876881498e+00
-1.9456243686e+00
-1.1795725481e+00
-1.5883721095e-01
1.3590895609e-01
5.4664663973e-01
7.0008350433e-01
-6.8624235629e-01
1.2609477781e-01
-1.8927434849e+00
-1.0057512639e+00
1.0770559944e+00
1.8033469956e-02
1.1280977017e+00
-5.6641939308e-01
-1.6995172807e+00
-2.2069870286e+00
4.5266431297e-01
-2.7811443921e+00
-1.7002652681e+00
-1.1384229813e+00
-2.7530726302e+00
-1.8481907306e+00
-1.9877079862e+00
-3.0692064275e+00
-5.6858948339e-01
8.2695692616e-01
-1.5055172197e+00
1.4031191328e+00
-1.3626261191e+00
-1.3868371585e+00
-1.4219262325e+00
-7.3614659080e-02
2.7017501181e-01
-2.0242721358e-01
-4.9585497086e-02
1.6469755317e-02
1.5714167653e-01
-1.3593800018e-01
1.6109643171e-01
-1.8975727417e+00
-3.2073123119e-01
-1.5389022586e+00
-2.7753341794e+00
-1.3009873722e+00
-4.3365903633e-01
-9.5700679972e-02
-9.8058611569e-01
-1.1126685349e+00
-6.3220324848e-01
-1.2333348606e+00
-2.3341325721e-01
-1.0879443139e+00
-2.3763043100e+00
-2.3271590284e+00
-1.1049287777e+00
3.1016885842e-01
-7.7070878827e-01
-7.1012466448e-01
1.3894262349e+00
-3.7257984034e-02
4.7646163408e-01
8.6537190479e-01
5.9644256689e-01
-3.1636409753e-01
1.3486537115e+00
5.0276437090e-01
1.3737662881e-01
3.5404071140e-01
6.2580661667e-02
4.0009598272e-01
9.9670397684e-01
-2.4396750915e-01
6.2851803876e-01
8.3203351085e-01
-1.6582097560e-02
-3.2669257763e+00
1.8346587156e+00
-5.9705750209e-01
-8.3478265749e-01
1.6481256705e+00
-2.2724207557e+00
-4.9547847580e-01
-5.6140601142e-01
-1.5722113977e+00
-1.7051917618e+00
-2.1393748295e-03
-6.0758204697e-01
-8.0567350732e-01
3.0984431938e-01
3.6678444552e-01
-7.4117603383e-01
-1.7115739536e-01
1.4357463785e-01
9.9340056594e-01
1.1453868980e-01
2.8076711393e-01
-1.1034352255e+00
1.4654936229e-01
-6.0867264143e-02
2.2915512393e-01
-1.1939410288e-01
-1.7246737730e+00
-1.2338838248e+00
-9.5899888745e-01
-2.1403026923e-01
3.3415304484e-01
3.6627118604e-01
-1.5418329464e+00
-3.6077334003e+00
-1.1504416864e+00
-3.2785381222e-01
-1.8464422231e+00
4.2356534473e-01
7.3233677696e-01
-3.1281850384e-01
-1.3901790909e+00
-2.2553008554e-01
-3.0760240170e-01
-1.7516899524e+00
-6.0737945248e-02
8.2504946112e-01
-3.7132370711e-01
-1.4871984129e+00
-8.5482607361e-01
-1.3491362772e+00
-1.2267392740e+00
-1.1598033502e-01
5.8327762387e-01
-1.2609093392e+00
-8.1020188074e-01
4.3596053948e-01
-1.4930709866e+00
-1.0704455688e+00
-9.6443090778e-01
-1.9394316528e+00
-8.2781694128e-01
-1.2251301541e+00
-1.9799821734e-01
-1.5582423818e+00
-6.5182838993e-01
-1.7177663873e+00
-1.0678686423e+00
1.8928536348e-01
1.4807436032e+00
9.4706026346e-01
-6.6063500880e-01
-1.3886374474e+00
1.1068691254e+00
3.5589142580e-01
-5.4163348192e-01
-6.0279991081e-01
-9.8711340879e-01
7.3280671294e-01
8.2957200410e-02
7.9814980374e-01
-7.1710828255e-01
1.2320199155e+00
1.9002660358e-01
-4.7191321065e-01
-1.3776113902e+00
-3.6894020534e+00
1.8466365817e-01
-2.1328572222e-01
-2.2428751846e+00
-1.6758978695e-01
-1.4216054697e+00
-9.3074683517e-01
-5.0992843406e-01
2.1656079425e-02
6.8238671266e-01
5.0709125548e-01
-6.5922056061e-02
-8.3145433135e-01
-1.8281330264e+00
-2.0002225035e-01
8.4799628691e-02
-1.5101411733e+00
-5.6577788969e-01
-5.4587703053e-01
-1.0174742429e+00
1.5832675836e-03
7.7694287413e-01
9.1551335769e-01
-2.1098444061e+00
-7.8122757360e-01
-1.4387551686e+00
-2.3952131060e-01
-5.1589936242e-02
-1.9731245185e+00
-6.0888209247e-01
-1.5952353282e+00
-1.2420013520e+00
-8.2509702798e-01
-1.6466067564e+00
-3.1145427303e+00
-2.2688514148e+00
-1.2863662403e+00
-7.9431426980e-02
1.5023513596e+00
-2.0108891084e+00
-2.3353007780e-01
6.2797674941e-01
-7.1890021024e-02
3.8198977882e-01
-9.7686754200e-01
5.7766047598e-01
-2.0823565475e-01
1.0371752892e+00
-1.4828809204e-01
3.0123136924e-01
2.7849302800e-01
6.2224174968e-01
-6.0306909669e-01
-1.8815334382e+00
-5.5284386059e-01
2.7942588698e-02
-2.5024995989e-01
-1.9316692154e+00
1.6211965159e+00
-2.5132086774e+00
-2.8307014694e+00
-2.6068864246e+00
-1.0257151813e+00
-2.4196468259e+00
-2.0378506485e+00
-8.2885380894e-01
-2.1144645256e+00
-7.2491892067e-02
-6.4034141310e-02
3.0012902435e-01
4.4034962364e-01
-6.0571132066e-01
-6.3337848115e-01
-1.4301124909e-02
-3.5678097457e-01
2.1715994121e-01
9.0604154709e-01
-1.2844110563e+00
-1.5407694683e+00
3.3909213759e-01
-1.7589690643e+00
-1.7554314896e+00
-6.5408402034e-01
-1.8803020854e+00
-6.0854012394e-01
3.5202350244e-01
-4.1956509966e-01
-1.8595873062e+00
6.5596570275e-01
-8.0164525688e-01
1.2565277787e-01
-1.0904329954e+00
1.2471799726e-01
-9.9120285827e-01
-2.6180170515e-01
1.6364432423e+00
1.9129724376e+00
1.0191469608e-01
-6.6885766864e-01
-2.2563852363e+00
-2.5097164635e-01
1.6711422428e+00
5.6998168716e-01
-3.0769754151e-01
-5.1230801061e-01
-5.3397626393e-01
-2.9271837933e-01
-2.2702412768e-01
-1.2339710573e+00
5.7676714127e-01
1.5560913200e+00
3.4463054310e-01
-9.5200111443e-01
-8.1110402382e-01
-2.0879458140e+00
-1.1746025945e+00
-1.0884518902e-01
-7.8283636003e-01
-8.7343297748e-01
-1.4754329401e+00
-1.6533547088e+00
5.7358447925e-01
-1.0855779256e+00
5.1199581305e-01
8.5643183487e-02
4.9369120689e-01
-1.4318217746e+00
-1.9033923473e+00
4.0060645371e-01
1.8632957165e+00
-1.4320880130e-01
9.5009406308e-01
5.2819276044e-01
7.4123193422e-02
2.2085499686e-01
1.2831925738e+00
-6.0366423224e-01
-9.0131780497e-01
-2.0741665867e-01
4.6756927128e-01
-2.5388015223e+00
-1.2162021471e+00
-1.1219009214e+00
-1.9082360101e+00
-8.8919543786e-01
-1.4798190954e+00
-1.3715877148e+00
-5.6898582987e-01
-5.3752240668e-01
-8.0841429655e-01
-4.0892046565e-01
1.0561282902e-03
-7.0794329818e-01
-1.7264314618e-01
-9.6287068361e-02
-3.7710751654e-01
-8.3333593404e-01
-5.8599691696e-01
4.5046483062e-02
5.5570566602e-01
-2.2447646621e-01
1.2406348309e+00
-2.4021171074e-01
-5.2669947951e-01
-7.4547800733e-03
-5.3055106740e-01
-6.4596416754e-01
3.5215147865e-01
4.1698501874e-01
-1.7079090680e+00
-2.5341930762e+00
-1.9169260874e+00
-1.4281926719e+00
-1.4852425977e+00
-1.3168268208e+00
-1.1910896120e+00
-4.0456121707e-01
-3.2681916718e-01
-3.2691784387e-01
7.9595645879e-01
-8.0958472582e-01
1.2246627066e-01
3.1919039057e-01
7.6778646338e-02
-2.3489839703e+00
-5.0619619659e-01
1.3051343826e-01
3.2443501597e-01
3.5414267832e-01
1.7874982614e-01
6.0320256476e-01
-1.1458305067e+00
-5.6522993022e-01
-2.3734382019e+00
-8.3237231054e-01
-5.2021121272e-01
6.7701999560e-01
-4.7498240086e-01
-1.9077773121e+00
-5.8744651320e-01
-1.7235436164e+00
-1.8469258499e+00
-1.1485375380e+00
-2.3513361239e+00
-8.3219826367e-01
-5.7269888950e-01
-6.4640028067e-01
4.4202995030e-01
4.4300482653e-01
4.8019639599e-02
2.8299214844e+00
1.4321216751e+00
-9.5492250899e-01
-2.9457345827e-01
-1.2352924775e+00
-6.5292897069e-01
7.9066958955e-01
3.9151864351e-01
-1.4024706046e+00
-1.4756817502e+00
4.6597874424e-01
-1.2884570061e+00
6.0929122859e-01
-1.8075243682e+00
-1.1817396880e+00
-2.8592133033e+00
-1.4585180451e-01
-1.9925369124e+00
-1.4268974373e+00
-2.0502443824e+00
-8.0913807913e-01
-8.7952388992e-01
-1.5203913326e+00
-1.6619443460e+00
-1.6643938638e+00
5.9161972125e-01
2.1768671563e-01
3.7917837660e-01
-6.1874702798e-01
-5.2317309109e-01
2.1369803609e-01
-1.3214199800e+00
4.2641025456e-01
-1.4821627149e+00
-3.4839660564e-02
3.6736696695e-01
-1.9673206934e+00
-1.0377621991e+00
-3.7355631136e-02
-1.1803275870e-01
-2.4128157667e+00
-1.4054018294e+00
4.5573861547e-02
1.2634015878e-01
-2.8520203458e+00
-1.9718234047e+00
-1.6725120155e+00
-3.1904065267e-01
1.2032173485e-01
-3.4129998670e-01
-1.6223612113e+00
-1.6328171792e+00
8.9980031084e-02
-1.5622823714e+00
-6.0423241197e-01
-5.9473774669e-01
-4.8681938331e-01
-1.1826285024e+00
-4.3862037128e-01
1.0593235257e+00
-3.7024256719e-01
3.5450352367e-01
2.1371384314e+00
-8.0241712959e-01
-7.0329522884e-02
-8.9513664543e-01
-1.5058930092e+00
-3.0403442696e+00
-2.3558906523e+00
-9.2937715528e-01
-5.9045074773e-01
-1.5549301662e+00
-9.6979485747e-01
-1.7026378947e+00
-1.3427705471e+00
-8.7386826096e-01
-3.6082686500e+00
-1.4953206191e+00
-1.6783491332e+00
-1.0420150490e+00
-1.2305138014e+00
-1.5750281963e-01
2.7181268530e-01
-1.3855332776e+00
-2.3193860353e+00
-9.6635335895e-01
-3.5099851644e-01
-1.5584783472e-01
-1.2522458174e+00
-8.7390582408e-01
-1.2807638818e+00
-1.8252220473e+00
-1.3340535951e+00
-1.1963571722e+00
-1.2027523846e+00
3.2472758337e-01
-6.8544954175e-01
-1.2725758918e+00
-2.1890538148e+00
-2.6347696429e+00
-4.4346646300e-01
-2.5746218377e+00
-2.0851139372e+00
-2.1751120373e+00
-1.7065489579e+00
-5.2308196682e-01
-1.2735147008e+00
-1.3120375714e+00
-3.1505624760e-01
-1.1122695977e-01
-8.9311533259e-01
-1.3015043674e+00
-8.5486335409e-01
-1.9318095802e+00
-2.4576137325e-01
-3.3562401746e+00
-2.1871001054e-01
-1.0132410852e+00
-2.4410192263e+00
-1.4987389407e+00
-1.2289506119e+00
-2.1573562631e+00
-1.8007230599e+00
-1.9429687075e+00
-6.8731185786e-01
-1.7079446270e+00
-1.0565102448e+00
-2.4792960763e+00
-2.2552472572e-01
-1.9644620640e+00
-1.3274251108e+00
-3.3853939258e+00
-1.6441473299e+00
1.0114476567e-01
-9.0574536547e-01
-1.4005541510e+00
-1.7523992724e+00
3.3208934452e-01
4.7468132290e-01
-1.7628281696e+00
-1.4547627301e-01
-2.3043884716e+00
-1.6694343860e+00
-2.5390933226e-01
-1.0492609970e+00
-2.0747089540e+00
-1.5444573881e+00
-1.5585509963e+00
-5.8468612548e-01
-2.1155131935e+00
-6.6889855113e-01
-7.5403444690e-01
9.2597743734e-01
-2.4179875855e+00
-2.3642927557e+00
-2.9723018079e+00
-1.4946960892e+00
