-8.2308361601e-01
-1.2836305459e+00
3.6155363943e-01
-6.5984265149e-01
4.9280279321e-01
1.2635728619e+00
1.8267533574e-01
6.3632365216e-01
5.9520370856e-01
8.1864922720e-01
9.1660604176e-01
-2.5257333442e-01
6.4089958091e-03
1.3579089915e-01
-1.8981698908e-01
5.5862027100e-01
8.4396247128e-01
3.1481830124e-02
1.4019659363e+00
8.3162583727e-01
1.0741860043e+00
-1.4612760119e-01
-4.5351261087e-01
-3.9987393278e-01
-2.9933523293e-01
-6.0036552980e-01
7.9004225882e-01
1.9002955831e-01
-3.7715063217e-01
-1.6294191592e+00
-1.8760138600e+00
1.3427427544e-01
1.5047909999e+00
2.1993330469e-01
6.5050033650e-01
-5.9031631243e-01
-5.0852981601e+00
-3.8787251388e-02
8.8570406890e-01
-2.1439261979e-01
4.8450967238e-01
2.4154584246e+00
-2.0284506944e-01
2.1202945219e-01
-4.1541909471e-01
1.5842178015e+00
-4.1085334332e-01
2.4565449742e+00
-1.2521538117e-01
-2.2832329204e+00
1.2979705248e-01
-2.8465802522e-01
-8.0359223235e-01
4.7447117998e-02
-6.2253073991e-01
3.6394951201e-02
1.7893675823e-01
1.1932187406e-01
-2.6070034403e-01
-3.5276633440e-02
1.6062475001e+00
-8.1952896890e-01
2.2053111444e-01
-2.6389580740e-02
-3.6397270414e-01
9.5919104726e-02
-5.0622415923e-01
4.4847044928e-01
3.3985294817e-01
7.4740139451e-01
-4.0357147470e-01
1.8683529658e-01
-8.6446142619e-01
5.8827066711e-01
4.6847000536e-01
7.7103655797e-01
2.7462436508e-01
-5.9344979910e-01
9.3918207353e-02
5.2700339457e-01
-9.1754309842e-02
-1.0321855789e+00
-9.0887095281e-01
5.9476340414e-01
2.6495367238e-02
2.3932491627e-01
-4.5928067281e+00
1.8407858314e-01
-2.9594689130e-01
8.5172276702e-02
3.4239153661e-01
5.6154181868e-01
7.9909649440e-01
-7.6085369577e-01
4.3586649470e-02
-2.5351620828e+00
-2.1241693365e-01
1.2240745319e-01
-4.2022929071e-01
1.9407442393e-01
-1.7921535204e-01
8.0211112139e-01
6.5136106974e-01
-8.3631907107e-01
4.4635201822e-01
-1.9343960804e-01
1.7518389396e-01
-9.3789871104e-01
1.8222958017e-01
-6.8274054188e-01
-7.0887868290e-01
-2.3502931076e-01
-7.8067822263e-01
7.9099207805e-01
-1.8047216505e-01
1.4494610896e+00
1.3759294274e+00
2.5955043514e-01
2.3034534454e-01
-1.1761943992e-01
5.0572971253e-02
-1.4074834942e+00
1.0432094448e+00
-5.2702824564e-01
8.6314742010e-01
-2.2653710578e-02
6.2463379032e-01
6.6633529107e-01
6.4091877420e-01
-7.8834009179e-02
2.4201937198e-01
-5.6117465324e-01
2.6233471066e-01
-5.9518391176e-01
-1.9988081324e-01
1.0488050567e-01
3.3953751283e-01
-9.3730847511e-01
2.8383112476e-01
3.0740241264e-01
-1.4621371473e-01
1.5367854505e-01
9.6267626555e-01
-1.2280495398e-01
