-1.7607161197e-01
1.2829018569e-01
-5.6328222755e-02
-8.0840669719e-02
-1.9335325809e-01
1.6061964739e+00
-7.9391689939e-01
6.7638193811e-01
-1.9007100889e-01
1.0327735194e-01
-2.7907480658e-01
7.5050854929e-03
9.7052516414e-02
4.5238751267e-03
-1.9048868333e-02
-1.8871210457e+00
-1.2220221111e-01
-4.1572879182e-02
1.3914516431e+00
-3.6893107968e-02
-2.1210296363e+00
-6.3669586814e-02
-1.0481288557e-02
1.5906645801e-01
1.8719333835e-01
-1.2770924791e-01
1.3204466711e-01
-3.3367106461e-01
-9.7903872164e-01
-3.8039940878e-02
3.2942410795e-02
1.5789487224e-01
6.3354269898e-03
1.6235173906e+00
7.4463454960e-02
4.1458539363e-01
2.4108840874e-01
-4.1579885005e-01
2.2099589729e+00
1.6451393718e+00
1.5224861554e-03
-1.9938881284e+00
7.1480673225e-03
-1.9402980926e-01
1.3765595351e-01
-4.1281713230e-02
1.6078826553e-02
1.1236304731e-01
-5.7150412727e-02
7.3233007525e-02
2.2299481306e-02
9.6601445786e-02
4.2129931061e-02
1.3741637665e-02
-1.0629514271e-01
-1.7951567600e-01
-5.4654426800e-01
-1.4773634315e+00
-1.3648829696e-01
-4.2914441641e-02
-9.9255734236e-02
1.4353802592e+00
1.3427667553e-01
-7.9912868021e-02
-8.2627374912e-01
-6.4287488367e-03
1.0405827857e-01
3.5910966278e-01
1.0586155555e-01
-2.3416280431e-01
1.2695845833e-01
-1.4496972090e+00
-1.1900955061e-01
4.2632460211e-02
-6.2115001099e-02
4.3984300302e-01
-1.8979214781e-01
-5.2813374844e-01
2.0847887287e-01
1.4270305353e-01
1.0054050033e-01
3.5953197047e-02
-1.5534967200e-01
-6.1140295952e-02
-1.3187495512e-01
-4.5743407959e-01
-2.8253525437e-01
-5.6683612342e-01
-3.5837899579e-01
8.7730987893e-02
2.6473422289e-01
-8.8397365020e-02
-8.9972756381e-01
2.4762711788e-02
-2.7716724679e-02
-1.2495598254e-01
-2.7170393478e-01
-8.5170583737e-01
1.1797648158e+00
1.9386512178e+00
5.0357277891e-02
2.0286344073e-01
1.1065853949e-01
5.6516011268e-01
-2.8265557332e-02
-1.4491367592e-01
-8.2641483241e-01
1.3563854590e+00
4.1421935198e-01
-3.3433131472e-01
9.3282139701e-02
1.1808493633e+00
8.2936455653e-02
1.1799683438e+00
1.0702232693e-01
2.6552191120e-02
7.7905184838e-02
4.9608500786e-01
5.9220226819e-02
1.7012494344e+00
-8.1236688793e-01
1.2517092533e+00
-2.5399971545e-01
1.1713461645e+00
8.2542546783e-02
-3.4193111669e-02
-5.0440477290e-02
-5.5124606947e-01
1.6690018126e-01
-3.3001000822e-01
-1.4211775301e+00
5.8591282601e-02
1.4464307809e+00
-1.0048355897e+00
2.9661384371e-01
9.3282246212e-01
1.4258001575e+00
-1.2182337665e-01
8.9143697540e-01
1.1880358157e+00
-8.1906698222e-02
3.6482799595e-01
5.5391437479e-02
1.1048547219e-01
3.4371683829e-01
9.6211735085e-01
1.0536739405e-01
-5.5989291322e-02
2.9023092856e-02
4.2237795956e-01
-4.0023658467e-02
3.0252756708e-01
-7.0246602492e-01
-2.3361210866e+00
-3.4110835146e-02
1.5561137180e-02
1.0704890316e-01
1.2379758284e-01
6.1545118467e-02
-5.1592689177e-02
-1.0787997459e-01
4.1414967196e-01
-1.1474473056e-01
1.7196756030e+00
-7.3681090669e-01
-9.4997372599e-02
8.7904921832e-02
2.0925975295e-02
-5.0565225262e-01
-1.1949253991e-01
6.2841813774e-01
-1.8109677117e-01
