1.6827587981e-01
2.5783063739e+00
-1.3507941358e-01
-3.1487560961e-01
4.8543936949e-02
3.7683035108e-01
-2.3180396302e-01
4.5322626279e-01
-1.0484847108e-01
-2.4466979146e+00
1.3867709523e+00
1.5968108771e-01
2.9254348842e-01
-2.3013738075e-01
-1.0121899574e-01
-4.3235334675e-01
-1.3099171219e-01
-1.4912617423e-01
2.2124227364e-01
1.9758022815e+00
-3.5674210695e-01
3.7199277206e-01
-2.6407991606e-01
3.4850685004e-01
-6.7358074800e-01
-1.1041273208e-01
2.1953537350e-01
-3.9452991250e-03
-4.8189324655e-01
-3.4636199623e-02
-2.6179480322e-02
1.4407975064e-01
9.0653094446e-01
3.0157876811e-01
4.9402284690e-02
1.5914345168e-01
2.2277900377e-01
-3.8695800627e-03
7.1176168298e-02
2.0598873240e-01
-4.9290739915e-01
-7.1242808889e-03
-2.3181296359e-01
5.4599885084e-03
-3.3697995541e-03
-1.5866124509e-01
-7.8561298373e-02
-4.1421295806e-02
2.2059891423e+00
1.1808624002e-01
-1.9254786045e-01
-8.7898434424e-02
7.1745951390e-01
-8.7604029489e-02
-8.3107339063e-02
-1.7260893411e-01
-7.3763669497e-02
-1.5365354796e+00
1.6684152069e-01
6.7081875849e-02
6.4971559857e-01
-2.0290879029e-01
-3.3438098651e-01
1.6574832714e-01
-1.5093432013e-01
1.3436516807e-01
2.4807873827e-01
8.7510496987e-02
-1.3910572505e+00
1.2498187780e-01
2.2303015185e+00
2.1984532708e-01
-9.3038439879e-02
-7.7910540167e-02
-1.6000343079e-02
-7.0320447689e-02
-2.0944945280e+00
-5.8759071991e-02
-2.7792997613e-01
-4.5500186128e-02
-3.4460547021e-02
-2.1461716380e-01
1.2231194080e-01
-3.5549879680e-01
6.5011304104e-02
1.4624659526e-01
3.6307616975e-01
5.9000300954e-01
-3.8954667818e-01
-1.4594598226e-01
7.8717221051e-03
3.0243378987e-02
5.8177362459e-01
1.1373636352e-01
1.9028803407e+00
-1.3189024662e-02
-1.5309922582e-01
1.9699684383e-01
2.7025638191e-01
1.8855966879e-01
-3.7223604627e-01
9.4618765016e-01
2.8775465934e-03
2.7257981236e-01
3.1352895324e-01
3.9665858143e-02
-1.1614695682e+00
-2.2075174491e-01
2.0226114021e-01
1.4283186455e-01
-5.7751899522e-01
-6.6722509385e-02
6.4124088648e-02
-1.4789192221e-01
1.6666677559e-02
-7.9953427383e-02
-1.8636256932e+00
1.6372391250e-01
-5.0046880833e-02
3.6204010469e-01
2.7680512758e-01
4.0449837458e-01
3.5441453954e-01
2.4933816422e-01
2.2189851467e-01
5.0718884364e-01
2.7867238658e+00
-3.4465001178e-01
-6.4910820028e-02
9.9512623796e-02
-1.2912551632e-01
2.0580961790e-01
-2.4147892680e-01
-7.4639154295e-01
1.9305845844e+00
1.6651013271e-02
8.8817863163e-02
4.8984364289e-02
8.1396826555e-02
-1.3856358469e-01
-1.5866424272e-01
5.2305825410e-01
1.0398983860e-01
-2.4597056348e-01
3.1170226350e-02
-1.2964139745e-01
-1.0652008487e-01
7.8713999750e-02
1.3721971023e-01
9.0257534905e-02
4.6293542879e-01
2.4409794314e+00
4.1622604644e-02
1.2798822392e-01
5.9271396071e-04
8.1000400603e-02
1.1029435184e-01
-2.3981754465e-01
3.3353622133e-02
-9.4513862889e-02
7.3618342620e-03
3.0114565877e-01
5.2655472079e-02
-5.3335606060e-02
9.7199419977e-02
-2.3796184466e+00
1.1247788701e-01
-1.2248912301e-01
1.2329365101e-01
4.7023886221e-01
1.4517270515e-01
-9.3675505590e-02
