-8.6621823038e-02
2.4610870901e-01
-6.7625839589e-01
3.9581233550e-01
3.6501076758e-01
-2.4247815374e-01
1.5281984244e-01
-7.9395950778e-01
2.6639185782e-01
2.3676495083e-01
-1.0075983197e+00
-2.9240105861e-01
-7.7746810764e-02
-5.4523563533e-01
-8.3563121308e-01
7.2887071486e-02
7.2488844182e-02
-5.0962436880e-01
-3.9638741426e-01
-6.5287133836e-01
1.1722025627e+00
-1.1201982355e+00
2.3543366181e-01
-1.4525540704e-01
-7.3527545978e-01
4.2253741942e-01
-9.4274726148e-01
9.4173081785e-03
2.6525577196e-01
1.1383370579e-01
-1.0724630685e-01
-3.6208503852e-01
-5.7258658867e-01
3.2297356381e-01
7.4036228683e-02
8.9938880005e-02
-7.5995909538e-01
-5.1504970716e-01
3.6555476410e-02
-7.5726169144e-02
3.8446543549e-01
1.7127913703e-01
1.7119398328e-01
1.7660857321e-01
1.2450115543e-01
9.1468168642e-01
-1.3736757930e-01
1.0106983630e+00
-3.0146810940e-02
-3.8017412749e-01
1.2823998633e+00
-6.0560347126e-01
-4.3609566246e-01
-1.0791521733e-01
8.7537412212e-02
-2.5560977413e+00
-4.1731759956e-01
-2.6088514622e-01
4.9835081589e-01
3.0357546229e-01
2.3680274650e-01
-4.7718575895e-01
3.9842567242e-01
5.1141331853e-01
-2.5591810999e-01
-6.9504180470e-01
5.7554338619e-01
-1.0572785961e+00
2.0327552245e-01
-1.4053263541e-01
2.1118484890e-01
