-8.0669537986e+00
-5.8357604423e+00
-6.3436750716e+00
-5.6281497823e+00
-5.6540273233e+00
-5.2949686649e+00
-5.1523957269e+00
-4.9208277007e+00
-6.5854162607e+00
-5.9611746097e+00
-5.8620114920e+00
-6.8760296205e+00
-4.5131129722e+00
-4.6890283520e+00
-4.5975320602e+00
-5.4062647636e+00
-5.2968466990e+00
-4.9260932182e+00
-5.6263864790e+00
-5.7015796140e+00
-5.1761207244e+00
-6.1158383800e+00
-6.2141114264e+00
-5.8242056210e+00
-7.4702798667e+00
-6.0367587257e+00
-7.0570176613e+00
-7.1538364063e+00
-5.5584084331e+00
-5.9567929481e+00
-4.8685690082e+00
-7.6087300262e+00
-5.2091796175e+00
-3.9260756327e+00
-4.4850190141e+00
-3.2178469996e+00
-3.7789964748e+00
-3.9021760770e+00
-2.8322986408e+00
-5.0923194682e+00
-3.9380405355e+00
-4.5922636967e+00
-4.9877415546e+00
-5.4506201125e+00
-5.0726201036e+00
-4.0513185417e+00
-4.5277909138e+00
-5.1816857013e+00
-5.1912869516e+00
-5.1756377713e+00
-3.4796318427e+00
-5.7034854061e+00
-6.2672405335e+00
-5.6058219074e+00
-6.0224767052e+00
-4.7707484910e+00
-6.0058882727e+00
-5.1582534370e+00
-6.3031426526e+00
-6.2294265040e+00
-4.9512584526e+00
-3.9228699262e+00
-2.9884089341e+00
-3.7080680898e+00
-3.9309877822e+00
-4.4066814469e+00
-3.3871285635e+00
-4.0076942534e+00
-4.4687222433e+00
-2.0777186572e+00
-3.0003595583e+00
-5.0648979581e+00
-5.5019951180e+00
-4.6272895995e+00
-3.5327194411e+00
-4.0290524784e+00
-4.4541252684e+00
-5.9104796371e+00
-5.1463036865e+00
-4.9459344154e+00
-4.0069552043e+00
-4.6349317421e+00
-7.1051066470e+00
-5.1404574943e+00
-5.8182277486e+00
-6.3102810109e+00
-5.6297004520e+00
-3.8016131205e+00
-5.0165790162e+00
-4.3988727077e+00
-4.1144268622e+00
-3.8360095284e+00
-3.3176797577e+00
-3.7064957025e+00
-3.1786914534e+00
-2.4756404086e+00
-3.6529028479e+00
-4.0213328575e+00
-2.1365308590e+00
-3.6717211043e+00
-2.9946331322e+00
-4.4989273212e+00
-3.9582852530e+00
-2.9203412322e+00
-4.1966445274e+00
-3.6665432327e+00
-4.9678210541e+00
-3.6081109976e+00
-3.8553427953e+00
-3.9144671132e+00
-7.0296384858e+00
-5.6888768141e+00
-6.0135323390e+00
-5.2429002773e+00
-3.3732146071e+00
-4.5132986054e+00
-3.7314984254e+00
-3.2694396165e+00
-2.3098368571e+00
-2.9184205076e+00
-2.4472206596e+00
-3.3517374866e+00
-2.8934516102e+00
-2.1703092883e+00
-2.5410480247e+00
-2.0491918870e+00
-3.0312142720e+00
-2.2230922966e+00
-1.1855460133e+00
-2.0799338978e+00
-3.1749334033e+00
-2.8654061103e+00
-2.4852170100e+00
-3.7768910924e+00
-3.2179448711e+00
-4.2083392738e+00
-3.5224903373e+00
-4.1380067973e+00
-4.9515551246e+00
-3.8050319844e+00
-6.4483458465e+00
-4.5661255942e+00
-4.5099797301e+00
-3.5764065921e+00
-3.9526553665e+00
-3.2533558891e+00
-3.0581460938e+00
-2.6609397351e+00
-3.6359693509e+00
-1.5251162750e+00
-2.2682271914e+00
-1.3343189365e+00
-1.8330680185e+00
-1.5848361343e+00
-1.2898656869e+00
-7.6363820701e-01
-2.3932653274e-01
-8.2758321663e-01
-1.4148605673e+00
-1.3386254017e+00
-4.0827259466e-01
-1.6224684328e+00
-3.6511719605e+00
-3.2825968628e+00
-3.3246324964e+00
-4.0009620450e+00
-3.5185720766e+00
-5.8051860898e+00
-6.9279916381e+00
-5.0099757063e+00
-4.6005688156e+00
-5.5674927474e+00
-4.2991108494e+00
-2.2799169787e+00
-2.7921416522e+00
-1.9668017333e+00
-2.1563250824e+00
-2.3117275211e+00
-1.1079104321e+00
-2.5623356404e-02
-1.7422274467e-01
-9.8485835613e-01
-3.3883847940e-01
-5.8694259779e-01
-3.8280739222e-01
-6.7455794182e-01
-5.3194920395e-01
-3.7461867383e-01
-2.4318541766e-01
-5.0883629667e-01
-2.1180174634e+00
-3.7634417451e+00
-2.6875656495e+00
-2.7529816597e+00
-4.3842595905e+00
-4.8269942127e+00
-4.5686353569e+00
-3.4290251400e+00
-4.4359335687e+00
-4.7361061162e+00
-3.2007600908e+00
-2.9458147101e+00
-1.7371289230e+00
-9.8192241123e-01
-2.1102887280e+00
-6.2504727356e-01
-7.2628482768e-01
-6.2163334411e-01
1.1051266526e-01
-3.8134415667e-01
4.7199990354e-01
3.9259906864e-01
-9.1579582350e-01
7.9332778173e-01
-9.5601802510e-01
-7.7370633161e-01
-5.5435555994e-01
-1.5832982840e+00
-1.7080144931e+00
-3.2881598640e+00
-3.8663673252e+00
-3.4807342610e+00
-4.8340608538e+00
-3.6872851747e+00
-3.4907384999e+00
-4.2712693928e+00
-3.2161494419e+00
-4.2587238643e+00
-4.7004444731e+00
-2.1293172779e+00
-1.9162321664e+00
-1.9907953583e+00
-4.6326645146e-01
-4.2201221432e-01
-7.3928866153e-01
-6.9946689932e-01
-5.8041165429e-01
-1.2989709438e+00
8.8164663632e-01
2.4965633018e-01
2.5612116807e-01
-1.2358593374e+00
-3.1751988530e-01
-8.6434177673e-01
-8.3421799112e-01
-1.1185031617e+00
-1.9771741539e+00
-2.6525440820e+00
-3.3662917833e+00
-4.0032879083e+00
-4.7318657024e+00
-2.9840109996e+00
-4.5540312721e+00
-5.1743811608e+00
-4.8471801884e+00
-4.0197353455e+00
-3.2377568306e+00
-1.4053046034e+00
-2.0522449471e+00
-9.1613057896e-01
-7.6919161625e-01
-1.5797874554e-01
2.8232607889e-01
-1.2970524469e-01
-2.6809862378e-01
-1.5608686479e-01
-1.2810340783e-01
-2.0096219144e+00
-3.7242261940e-01
-2.6549513764e-01
-4.7640690566e-01
-9.4837053274e-01
-1.0900953737e+00
-1.2314140555e+00
-1.9761003576e+00
-2.7394730558e+00
-3.2840677359e+00
-2.1472614556e+00
-3.5793036138e+00
-3.8172227653e+00
-3.3861529795e+00
-3.6002919416e+00
-3.2880733685e+00
-3.2600300912e+00
-2.9266273317e+00
-1.7930199874e+00
-2.0745225258e+00
-2.2659335728e+00
-9.0478833259e-02
-2.3300169520e-01
-9.0570052930e-01
-9.3743044527e-01
3.3176893612e-01
-6.9147257680e-01
-3.7092436967e-01
-6.1557129433e-01
-5.0033825127e-01
-2.8154926484e-02
-1.2237206063e+00
-1.2910439226e+00
-1.5508193338e+00
-6.0305550176e-01
-1.3627299568e+00
-2.3084269121e+00
-3.5309269354e+00
-4.5832979102e+00
-4.1162164496e+00
-3.9030311066e+00
-4.1613674451e+00
-3.4648048091e+00
-3.7068572871e+00
-3.5417989080e+00
-3.0598119148e+00
-1.9588971843e+00
-2.1736741944e+00
-1.7620029048e+00
-6.0045589230e-01
-1.0876724217e+00
-1.4896840904e+00
-8.5898136206e-01
-3.6706540642e-01
-3.5428171256e-01
-1.6525680892e-01
-7.6585530649e-02
-7.8898767340e-03
-1.0492576275e+00
-1.0845079620e+00
-2.1507359803e+00
-9.4520021124e-01
-1.0580834917e+00
-9.3488522021e-01
-2.4163738613e+00
-4.3209801211e+00
-4.1991113562e+00
-3.5556592099e+00
-3.9885019414e+00
-4.5686674311e+00
-4.0378968429e+00
-4.0334977004e+00
-3.0984873963e+00
-3.1036404567e+00
-1.1419016000e+00
-1.1679494957e+00
-6.7386912810e-01
-2.9838308563e-01
-9.9973884231e-01
-1.5325085673e+00
-1.6569931428e+00
-5.4633941599e-01
-1.1246935256e+00
-1.9825921678e-01
2.3338998639e-02
-8.0995871999e-01
-2.8161407771e-01
-1.4155984716e+00
-9.3296526179e-01
-1.6126097123e+00
-1.3759944951e+00
-8.7403818617e-01
-1.7031040850e+00
-3.1548125758e+00
-5.2737459098e+00
-3.8157721495e+00
-3.8364118775e+00
-6.1433514374e+00
-4.3992634653e+00
-2.9606436691e+00
-3.5271258844e+00
-3.8288875252e+00
-2.5486146715e+00
-1.0262970745e+00
-5.3216482307e-01
-5.1344844445e-01
-6.2867969049e-01
-1.9283705530e+00
-4.9125709240e-01
-1.3887860407e+00
-8.9571145788e-01
-1.0878683457e+00
-1.3034770361e+00
-5.4560217213e-01
3.4065219441e-02
3.7283124401e-01
-1.0325406634e+00
-3.4406275595e-01
-1.8521086196e+00
-1.8384180178e+00
-1.7875244272e+00
-3.1329752619e+00
-2.9785824017e+00
-4.4855712267e+00
-4.4212596762e+00
-6.3235738745e+00
-3.8625986888e+00
-3.8225787011e+00
-2.8668200954e+00
-3.0260344459e+00
-6.0941307451e-01
-1.3553366645e+00
-8.3918604770e-01
-6.7243515537e-01
-9.9814274073e-01
-9.0291788627e-01
-1.0677674168e+00
-1.0977283106e+00
-7.4672857464e-01
-1.0717557171e+00
-1.0219161940e+00
-2.4702027595e-01
-9.8670044817e-01
-4.7650648405e-01
-5.1151327900e-01
-6.0717578311e-01
-8.1384906691e-01
-1.7805965590e+00
-2.9611744291e+00
-1.8911626139e+00
-3.4531732694e+00
-3.8918968178e+00
-4.9143110700e+00
-4.8606956661e+00
-5.9559678532e+00
-5.3137314356e+00
-4.0092703039e+00
-3.6337077998e+00
-2.8519999196e+00
-1.1630477871e+00
-1.6926623597e+00
-1.3545620044e+00
-9.9545819811e-01
-1.2128233440e+00
-9.5936106490e-01
9.7544968494e-01
-2.8609182829e-01
-3.3031043617e-01
-6.0913908765e-01
-1.4383708244e-01
-1.9919088154e-01
-1.1210934362e+00
-1.1172314509e+00
-1.3972463612e+00
-1.7325061025e+00
-1.4503675832e+00
-2.0111122749e+00
-2.4833653098e+00
-3.9964933404e+00
-4.1776792917e+00
-3.6437420941e+00
-3.9864472959e+00
-3.9566579854e+00
-3.2616679751e+00
-3.9617625016e+00
-3.6860768585e+00
-6.9647886131e-01
-1.1464836520e+00
-1.0718271622e+00
-1.0124480212e+00
-5.2592580367e-01
1.2118176157e+00
1.8577006050e-01
-1.3449689607e-02
2.3605032131e-01
-2.7896771179e-01
-2.2070319444e-02
-9.1465737214e-01
-7.5514343284e-01
-1.1125689658e+00
-3.8874760775e-01
-6.3290474095e-01
-1.0138027346e+00
-1.9104207081e+00
-2.6399921938e+00
-1.9753921573e+00
-3.0055648794e+00
-5.2681753386e+00
-4.0152192006e+00
-4.7274696176e+00
-4.1175605528e+00
-3.7209166981e+00
-4.5093469972e+00
-2.7841716398e+00
-1.8418319022e+00
-1.2728376148e+00
-4.6280449639e-01
-1.2259982138e+00
-5.9299141829e-01
-7.4564181514e-01
2.5565271788e-01
2.6962645182e-01
-1.2479271474e+00
-1.4525574151e-01
-8.3074224468e-01
-2.6627369116e-01
-1.5166071843e-01
-5.1655684213e-01
-8.0647260282e-01
-4.0899376724e-01
-1.5626071404e+00
-1.5659161940e+00
-3.7243373806e+00
-3.2667215740e+00
-3.9502975100e+00
-4.7666914477e+00
-4.0453566189e+00
-4.5241567676e+00
-5.1659265897e+00
-5.4366459584e+00
-3.5409479248e+00
-3.4155663194e+00
-2.1137614273e+00
-8.0339322180e-01
-1.5082767163e+00
-7.0999269219e-01
8.8805594721e-02
-2.6357803142e-01
-1.2987365716e+00
-6.5811834647e-01
-3.0424086180e-01
-6.1902462734e-01
-1.4547256313e+00
-1.3233017351e+00
-3.5427084543e-01
2.7568897948e-01
1.9522105274e-01
2.0695791559e-01
-1.5657089985e+00
-1.6628431804e+00
-3.1399582588e+00
-2.8149715979e+00
-3.6697008446e+00
-3.3130316942e+00
-4.0290934178e+00
-5.6456544489e+00
-4.0589618462e+00
-4.9378837995e+00
-4.6054402484e+00
-4.3191442087e+00
-1.3168408802e+00
-1.2353764109e+00
-2.0286578759e+00
-4.3588339360e-01
3.3176471289e-01
-1.4358014026e-01
-3.8342309571e-01
-6.4114429696e-01
1.7073542874e-01
-1.3446086447e-01
-9.7556700991e-01
-4.9671410286e-01
-2.4760106776e-02
-1.9873184707e-01
8.1285637763e-01
-4.2479612610e-01
-1.3815577750e+00
-1.9278270616e+00
-2.1658596293e+00
-2.7618399016e+00
-3.7707149573e+00
-5.3526015280e+00
-2.7815364798e+00
-6.9759009371e+00
-4.7478867773e+00
-4.1034543939e+00
-5.0524625639e+00
-3.5758035050e+00
-1.9637178774e+00
-1.5033519024e+00
-8.3680079809e-01
-1.3971667244e+00
-9.6804093511e-01
-1.2228393852e-01
-1.3632328049e-01
-2.6350912424e-01
-1.0966309051e-01
5.0590188512e-01
-5.0293683694e-01
5.3511679189e-01
-5.7210429023e-01
-7.8285033007e-01
-3.6205855116e-01
-8.6771821952e-01
-9.9461269511e-01
-1.7970464676e+00
-1.5650120990e+00
-2.2177968583e+00
-3.4594982230e+00
-4.4097879072e+00
-5.8019164642e+00
-6.0896618886e+00
-3.6166845282e+00
-3.3808472885e+00
-4.0280462062e+00
-2.4515105963e+00
-2.1347352335e+00
-1.6721545553e+00
-1.8208850935e+00
-1.3962309144e+00
-1.7050412202e+00
-7.6521235399e-01
-2.3870249909e-01
6.1228384834e-02
2.7381372799e-02
-5.4783576739e-02
-4.3201176011e-01
2.0963500599e-01
-7.6201646462e-01
-5.9082110350e-01
-9.0617839350e-01
-1.0854144193e+00
-6.7601023428e-01
-2.6688035830e+00
-1.6176337414e+00
-2.9313595322e+00
-4.1397851948e+00
-2.6183808814e+00
-6.8850564468e+00
-6.7245723884e+00
-3.8935724376e+00
-4.3210542876e+00
-3.8124079854e+00
-1.4125663328e+00
-2.2870364296e+00
-2.9328481503e+00
-1.2364131031e+00
-1.8607628650e+00
-6.3069763104e-01
-6.3813333402e-01
2.1783798674e-01
3.4857812661e-01
-3.3982160665e-01
-1.4146138164e+00
-5.4040997223e-01
-3.1980774224e-01
-1.7178846416e-01
-8.8424923209e-01
-1.9370157716e+00
-3.8217418657e-01
-8.2929053164e-01
-2.3221551665e+00
-7.9972403073e-01
-2.4999559260e+00
-2.9878150691e+00
-4.8651166933e+00
-6.5602668310e+00
-5.5950994882e+00
-7.5147291902e+00
-4.7660847481e+00
-4.0042497533e+00
-2.5973420354e+00
-3.6346072950e+00
-3.5252360414e+00
-2.2630253412e+00
-1.9066746002e+00
-1.6086338024e+00
-1.3195167793e+00
-1.3322952292e+00
-8.3712706682e-01
-1.4405734432e+00
-2.6004927759e+00
-2.0780258877e+00
-1.2174532155e+00
-1.7988412118e+00
-1.5430936516e+00
-2.1382323374e+00
-2.6374875670e+00
-2.5388448346e+00
-3.0750611064e+00
-2.5537391572e+00
-4.1059858710e+00
-3.6593382746e+00
-5.0785711824e+00
-5.8890643483e+00
-4.8665035396e+00
-6.1852808905e+00
-5.0077702674e+00
-4.5833438791e+00
-3.5058759406e+00
-2.7121746680e+00
-4.7189053471e+00
-3.9236993368e+00
-3.4812933656e+00
-2.1842455505e+00
-2.3835175000e+00
-2.1622213473e+00
-2.0563156936e+00
-3.0810890403e+00
-2.4414254883e+00
-2.3976218991e+00
-2.0776665647e+00
-2.3881456465e+00
-2.1796286218e+00
-3.1158347251e+00
-3.4386346208e+00
-4.0214412268e+00
-3.5651989354e+00
-3.3582255258e+00
-3.5187209628e+00
-4.7232179820e+00
-5.7321181252e+00
-6.1284231329e+00
-6.6161174134e+00
-6.8728154902e+00
-5.3977916921e+00
-3.9767595150e+00
-4.2661259308e+00
-4.6133269099e+00
-4.4650353461e+00
-3.5683943284e+00
-3.5428257803e+00
-3.4971143954e+00
-3.3521749632e+00
-2.5582712408e+00
-4.4934405432e+00
-3.9273477446e+00
-3.2032550312e+00
-2.8477500440e+00
-2.3375984839e+00
-3.2050149106e+00
-1.9562739250e+00
-3.7375362878e+00
-4.9567368666e+00
-5.8143318978e+00
-4.1235721360e+00
-3.2909495961e+00
-4.0647305945e+00
-3.1952354323e+00
-5.5782194720e+00
-6.7833943892e+00
-6.0076010206e+00
-5.1112495389e+00
-6.4340874353e+00
-6.7193014941e+00
-4.3465543997e+00
-4.5804765068e+00
-4.3427747803e+00
-4.1016178164e+00
-4.7810414216e+00
-4.5961755395e+00
-5.4610176521e+00
-4.4887385578e+00
-3.1376214670e+00
-4.8450778887e+00
-4.0889569591e+00
-3.3725900606e+00
-3.2808781194e+00
-3.8173804260e+00
-4.5659481840e+00
-4.1568689654e+00
-3.0086417456e+00
-2.8671898200e+00
-4.7861554528e+00
-4.4986852308e+00
-3.7088249090e+00
-5.3189962389e+00
-6.4464341930e+00
-6.4182878731e+00
-6.6478396677e+00
-6.9150226975e+00
-5.7266968576e+00
-6.4978108612e+00
-4.4229728299e+00
-4.2712235626e+00
-3.8360303597e+00
-4.5086480073e+00
-4.1633049412e+00
-5.3817649474e+00
-2.9481145588e+00
-3.5698605143e+00
-4.4146369256e+00
-3.8438159853e+00
-5.0107427726e+00
-3.6871884304e+00
-3.6409614088e+00
-4.1683740990e+00
-4.4378741706e+00
-5.7048884010e+00
-4.5904948046e+00
-3.0885849240e+00
-5.8981249140e+00
-4.7816936237e+00
-7.0497830686e+00
-6.9600711563e+00
-5.4497078990e+00
-6.6478429970e+00
