-6.1185223704e-03 2.3922284114e-01 1.3907431198e-01 -2.3478856563e-01 1.1342827704e+00 3.3891391642e-01 1.4794457451e-01 9.8060329217e-01
9.0079735670e-01 4.6956870275e-01 -6.6280825370e-02 5.1356141409e-01 5.0977123964e-01 9.4488751228e-02 4.8208398290e-02 -6.2957047540e-01
7.1605438208e-01 -3.7823955952e-01 1.5550917049e+00 2.0300771779e-01 -1.0758962654e-01 1.9148027371e+00 -8.0704942509e-01 8.5724890936e-01
1.3849065132e-01 4.3788877128e-01 6.3922463261e-01 1.3486126236e+00 -5.7487904799e-02 -1.4904923081e-01 -1.1934633048e-01 5.9014581182e-01
-5.2501269344e-01 4.5542772338e-01 1.9981029059e-02 5.1990853743e-01 -6.4801824386e-03 7.7665734522e-01 4.6064037916e-01 -3.4823034312e-01
-4.0434297519e-02 9.5333745522e-01 -3.6676413708e-01 3.8924197257e-02 -1.2806530436e-01 -3.2207333448e-01 8.7646946281e-01 4.1547185840e-01
6.8764417551e-01 3.0211728015e-01 5.5934221065e-01 -7.0117271805e-01 -3.4761119896e-01 4.2873839926e-01 6.8859515136e-01 3.3792370617e-01
-4.4640733952e-01 2.5330452467e-01 7.1517619668e-01 -4.3953526563e-01 2.1236494373e-01 -2.7939423221e-01 -7.1343440868e-02 -5.0884515070e-01
5.5761466677e-01 -3.1238436609e-01 -9.2072305131e-01 5.4828634548e-01 -2.7144678339e-01 3.3866492423e-01 9.2438163549e-02 6.2971685148e-01
1.6702041389e-01 -5.6553188235e-01 3.3981240461e-01 6.6467850535e-01 3.2820036256e-01 -1.2391097096e-01 1.0058003437e+00 -1.9270831554e-02
