2.1007829022e-02 2.3239397517e-01 -8.9211776677e-02 -1.5226029742e-02 7.2008050880e-02 -8.3712822811e-02 1.4905340706e-01 1.9353122115e-01 -1.2185444470e-01 6.9869596552e-05 1.7917390559e-02 8.6331546023e-02 1.1127314725e-01 6.6770565678e-03 -1.1444987678e-01
-1.5477953260e-02 -2.2638732166e-01 1.2079176736e-01 1.4707214989e-01 -1.0780988943e-01 -4.4064921618e-02 -3.0263820447e-02 9.2595893414e-02 -2.0879603825e-02 1.2259268224e-01 1.6657373835e-01 4.2974839421e-02 1.5196764722e-01 1.9149517654e-02 1.5273713630e-01
-9.6980447988e-02 -2.8973035390e-02 -8.0057984149e-02 -4.4708475876e-02 5.8321832740e-03 1.1218197891e-01 -7.0061258098e-02 -1.4856408386e-01 1.2056934685e-01 1.4332943203e-02 -3.8976342023e-02 9.6948153346e-02 6.3907650876e-02 -1.4240153794e-01 1.6907003813e-01
-1.4222656575e-01 1.0036338020e-01 1.6264510874e-01 1.4722950428e-01 -1.1276928220e-01 -8.2534112786e-02 1.3560895312e-01 -1.6063551109e-01 -6.1334430901e-02 -6.1807919160e-02 -4.1900151336e-02 -4.4651437113e-02 -8.1498858788e-02 -4.6245518974e-02 -3.5847086430e-02
3.5233179681e-02 -1.2389130136e-01 -1.3925891213e-01 -6.0839199574e-03 -3.5076930314e-01 -1.0098222942e-01 -3.4628918271e-02 1.3046571347e-01 -3.4016789573e-02 -2.5007226720e-02 -1.6724585984e-01 1.1610307402e-02 -1.4429391606e-01 2.9527737416e-02 1.0286493797e-01
7.7304002537e-02 4.7888271986e-02 5.0140428307e-02 -1.0915743351e-01 -3.9911866546e-01 1.3968159833e-01 -3.7016204038e-02 -5.2640852694e-02 1.0197534571e-01 -4.9219892996e-02 1.7530577540e-01 -2.0115716009e-02 6.0260749615e-02 1.0006608011e-02 -1.1734435870e-01
1.9077112160e-02 1.2573333648e-01 7.7440407975e-02 8.5913178615e-02 1.8631286919e-01 1.8646047322e-01 -7.6388810325e-02 1.5363792814e-01 1.8184271638e-01 1.6908678783e-01 -1.0431775034e-01 -4.4858872718e-02 -1.0142819447e-01 8.7136925375e-02 2.9880649269e-02
-1.4700052303e-01 -9.9730296986e-02 4.5882586895e-02 -2.0011695250e-03 1.8975495552e-01 -8.7828180516e-03 -2.7198404793e-01 1.3950899381e-02 -8.6716488452e-02 -3.3990326226e-01 -3.8825588431e-03 2.2682634761e-03 -7.5667399776e-03 5.6456815654e-02 -6.5382320124e-02
1.1992583532e-01 -8.0817721552e-02 -5.3865635028e-02 -1.6432993800e-01 1.2982323740e-01 -1.3440659648e-01 4.8180791886e-02 -1.4401613092e-01 -6.3749133896e-02 9.0620185988e-02 1.2682695200e-01 -7.1441965779e-02 -4.0627378215e-02 6.1991009064e-02 7.7538675820e-02
1.4384968097e-01 5.0659209810e-02 1.6535422811e-03 3.3893764892e-02 -4.9099365513e-03 6.5932280027e-02 6.1629122211e-02 -6.2175467019e-02 -2.0755930271e-02 -1.2699682999e-01 -1.2955437009e-01 -2.0776866078e-01 1.7762378777e-01 2.3838820865e-01 1.5782945374e-01
