2.5804823554e-01 -1.5953889968e-01 -1.5454835106e+00 -1.4592437212e-01 6.5347925268e-02 8.1416161422e-01 -1.6829311664e-01 -3.2057164896e-01 2.4363584685e-01 -3.3688907159e-01
8.6740335673e-02 7.4355192533e-01 6.2204498516e-01 -1.4676246874e-01 1.7645395985e-02 -8.6843605744e-02 -5.7652662166e-01 1.6030415472e-01 -1.1682492854e-01 -1.4879829440e+00
-6.0616124627e-01 7.3118692438e-01 -5.4810224235e-01 9.1510468267e-01 -8.0776048582e-02 -2.0719463248e-01 -2.9435559151e-01 -2.0679184811e-02 1.3815473984e-02 3.8481934114e-01
-4.7775587707e-01 5.6063647513e-01 4.5337898835e-01 1.0905298779e-01 7.9749533217e-01 -4.5701939933e-01 -4.5317850041e-01 -6.3271549913e-02 5.1318419968e-02 7.9461296764e-01
-8.6146886344e-01 -8.8721835371e-01 -5.0910200065e-02 -4.1265332988e-01 -3.7747708958e-01 -6.4668538401e-01 -6.6371875490e-01 -1.3874384448e+00 1.1059585644e+00 -1.8444570517e-01
-8.7354679155e-01 -1.0987466672e-01 3.8218280132e-01 3.9255136222e-01 4.1155286893e-02 2.9458021962e-01 7.1916370890e-02 8.7874232286e-01 -6.9140468681e-01 -1.0383011109e+00
4.6690024376e-01 1.0580394448e+00 1.8444125092e-01 -5.8180237011e-01 -6.2095221508e-02 1.1533286747e-01 -1.3609945489e-01 -1.0024776975e+00 7.8931337277e-01 -2.1105551339e-01
4.1232249380e-01 -7.1643447578e-01 4.0103209302e-02 4.9676770168e-01 2.0103425662e+00 -2.0925855533e-01 -7.6150678263e-01 -4.9402828921e-02 3.2417737328e-02 6.6898740513e-02
-6.9426040038e-01 1.1966007572e-01 -1.4199939781e-01 9.6873196411e-02 2.2109067369e-01 1.9862490407e-01 5.9610315656e-01 4.2492379317e-01 -3.3311136344e-01 -7.0479972527e-01
-4.9979101490e-02 6.0397494759e-01 -4.4112229381e-01 -9.9280478885e-02 1.0994912777e+00 1.9636128985e-01 8.7170504563e-01 -1.6991284631e+00 1.3452561780e+00 -1.8409121723e-02
3.8037713246e-01 5.5175951632e-02 2.0191701235e-02 1.6575881924e+00 -3.5975367453e-01 3.5099151340e-01 3.6469201771e-01 -1.0276116970e+00 8.0062196790e-01 2.9533219818e-02
3.3426102895e-01 -2.9115636166e-01 2.0743449459e+00 3.0158026563e-01 5.0087801288e-01 -4.2757855514e-01 4.6146506475e-01 -2.8894541331e-01 2.2076767343e-01 -1.2801916829e-01
1.1468491613e-01 -2.1401980841e-01 1.1790053739e+00 8.4626744069e-01 -1.0160741367e-01 6.7039941129e-01 -3.2200456189e-01 -6.5426184191e-01 5.2256990245e-01 3.0674513251e-02
-5.6060280346e-02 -1.4855714397e-01 -1.3680112458e+00 9.4607938391e-02 1.8451300651e-01 6.3101307058e-01 -7.8113945888e-01 9.2293239847e-02 -7.0016569792e-02 3.6819464226e-01
-1.7778881102e-01 7.9247919682e-02 5.1659941035e-01 -6.6683574798e-01 3.6146334880e-01 6.4655941188e-01 7.8712841049e-01 -8.1415156686e-01 6.4786835721e-01 1.2512643621e+00
