-2.8504668910e+00
-3.4794623250e+00
-1.9605668217e+00
-2.1694845946e+00
-1.8390507032e+00
-2.9793891048e+00
-2.3633942991e+00
-4.3194437285e+00
-3.5514597816e+00
-2.4866693548e+00
-1.9990571770e+00
-1.2537614839e+00
-3.6955480587e+00
-1.4949911290e+00
-3.1522721064e+00
-1.5829985043e+00
-3.2339987992e+00
-2.3629402470e+00
-1.3263148321e+00
-1.8596394908e+00
-2.4014878358e+00
-1.7810639136e+00
-2.2019889972e+00
-2.7501305777e+00
-2.7444124723e+00
-2.7245423714e+00
-1.9601418859e+00
-3.3700748072e+00
-2.9634227965e+00
-9.7974853988e-01
-2.9656653020e+00
-1.8263133094e+00
-3.3283539734e+00
-1.7602943061e+00
-2.6025332693e+00
-2.1536583991e+00
-1.8798819901e+00
-1.5577583090e+00
-1.6217333938e+00
-2.7255018923e+00
-1.2752509947e+00
-2.5168885823e+00
-1.7933892139e+00
-2.3855466333e+00
-2.2348687668e+00
-3.0618815495e+00
-2.5520311119e+00
-6.7521601630e-01
5.2403884504e-01
-2.5048980982e+00
-1.5684601260e+00
-1.7685690336e+00
-1.6836143511e+00
-1.4321424551e+00
-1.9212754363e+00
-2.2196082465e+00
-1.2498999969e+00
-3.0749532543e+00
-3.6227111808e+00
-2.4122929274e+00
-2.1203359783e+00
-1.9815334978e+00
-2.9775917553e+00
-2.4137900612e+00
-2.3355099652e+00
-8.6163581269e-01
-1.0509816461e+00
-1.4672050417e+00
-2.3497079418e-01
-2.4457616156e+00
-1.5240927850e+00
-2.0322563722e+00
-2.3172328212e+00
-5.9089800287e-01
-2.7536676135e+00
-1.1586972266e+00
-2.0153287320e+00
-1.4171157644e+00
-1.9563397872e+00
-1.4755572496e+00
-3.2156620764e+00
-2.9475906694e+00
-2.3061292733e+00
-2.9119978861e+00
-2.9514894708e+00
-3.5796657379e+00
-1.7911890092e+00
-3.8339390259e-01
-1.4625033886e+00
-2.0326571357e+00
-8.8446509511e-01
-2.5177233202e+00
-1.6709816865e+00
-9.1808085758e-01
-1.0453133147e+00
-1.9922508288e+00
-8.5690404661e-01
-1.1824939288e+00
-8.1796070770e-01
-1.4692731611e-01
-2.9375751933e-01
-1.9591940670e+00
-2.8066371946e+00
-5.6029782214e-01
-1.5999185914e+00
-2.3035789257e+00
-7.7360143387e-01
-6.5993086007e-01
-1.5944922083e+00
-2.0903348113e+00
-8.2457286259e-01
-2.7188760228e+00
-4.4315473947e+00
-3.9239959585e+00
-1.9902795498e+00
-1.8603246319e+00
-8.1584894055e-01
-1.3750047570e-01
-1.7192853135e+00
-2.3932019919e+00
-2.1614758726e+00
-4.4183042478e-02
-1.3697195349e+00
-1.6789304409e+00
-2.7681183893e-01
-7.4872768464e-01
3.9374941528e-01
-2.0579560478e+00
-5.5743344761e-01
-1.2985859833e+00
6.4784189176e-01
-2.1134819189e+00
-8.9746893380e-01
1.0798452757e-01
-1.8183791854e+00
1.4684752385e-01
-2.8289356799e+00
-1.6527314852e+00
-1.7621231575e+00
-2.0525587420e+00
-2.3203995022e+00
-1.3403816441e+00
-6.2476665184e-01
-1.6205567820e-01
-2.0585877297e+00
-2.6697468874e+00
-1.6908714080e+00
-1.5854421870e+00
-7.1006399757e-01
-1.1609315717e+00
-8.4755059586e-01
-2.8218738065e-01
-1.8823495682e+00
-2.3802569072e+00
6.4844503238e-01
-1.2538181487e+00
-6.9529284944e-01
3.6825880443e-01
4.7827761649e-01
-5.4794668827e-01
-8.8938665359e-01
-1.0755353996e+00
-1.3942962513e+00
3.5656773422e-01
-1.1460529388e+00
-1.5276266992e+00
-1.1287825699e+00
-1.0568096958e+00
-2.2029989809e+00
-4.3167051590e-01
-2.7703386522e+00
-4.2363744709e-01
-8.8254352570e-01
-1.7633223895e+00
2.0391145149e-02
-6.0449193037e-01
-6.1423626053e-02
-5.8774348958e-01
-1.1330868634e+00
-2.7765437889e-01
-8.0521397444e-01
3.1133407097e-01
-1.8509776991e-01
3.1706600405e-01
-1.7163458551e-02
-3.4274691932e-01
-4.5447098120e-01
-6.4218498309e-01
-3.7445402767e-01
-5.1115581716e-01
-2.3530448652e-01
-1.3503236909e+00
-1.5019830830e+00
-1.8288517773e-01
-1.9240886504e+00
-1.9407755710e+00
-8.3555249268e-01
-7.6479330125e-01
-6.0022072335e-01
-1.2622884288e-01
-1.5745749727e+00
-1.8552190378e+00
4.9149263806e-01
-1.6942549415e+00
-1.2332904624e+00
-2.1293239736e-02
1.1190063098e+00
1.5794405464e+00
-7.6996012569e-01
-3.5456436571e-01
-8.0181233829e-01
3.8449082204e-01
1.9194948062e-01
2.1303738695e-01
-1.4289424370e+00
-7.1849778895e-01
-1.3218277251e-02
1.7190681802e-01
-1.2915417672e+00
-1.0419594914e+00
-5.5880009618e-01
-2.3695539472e+00
-2.2625410120e-01
-2.9004192660e+00
-2.3553171997e+00
-2.1263576631e+00
-1.6963284480e+00
-2.7040729762e+00
-1.2852467757e+00
-2.0824215950e+00
-2.3952051725e-01
-1.2220777314e+00
-1.9361646404e+00
-8.6625204598e-03
1.5665960620e-01
-1.2308223849e+00
7.1438423940e-01
-4.2351541717e-01
-4.9064336048e-01
2.0238207283e-01
-4.4060578173e-02
-4.2634981185e-01
2.7855420703e-01
-1.6636007767e-01
-8.0504990575e-01
-4.2396997007e-01
-2.6213650235e+00
-1.7315925863e+00
-1.8563492516e+00
-2.4857737847e+00
-1.5398729653e+00
-3.0663554297e+00
-2.8688440326e+00
-2.3147595398e+00
-2.7807919171e+00
-2.5786137274e+00
-7.7369494581e-01
-1.8037598025e+00
5.6606323602e-01
-1.3459535732e+00
6.1940827804e-01
-1.3174594625e-01
2.7667045585e-01
-7.3087522004e-01
-1.1016968303e+00
-2.1951902469e-01
1.3271880177e+00
1.1340149548e+00
1.6149667695e-01
-7.1072448526e-01
1.1294863438e-01
-7.1119915257e-01
-9.5459706346e-01
-9.6115384103e-01
-1.3215574039e+00
-6.0075479952e-01
-2.7561374002e+00
-4.6752543292e-01
-1.7636479084e+00
-3.5013208095e+00
-3.4469378714e-01
3.8572686384e-01
-1.2734803270e+00
-8.5814723223e-01
-8.4817897501e-01
-6.2782108460e-01
-2.2362012382e+00
-1.5027764137e+00
-2.2078821580e+00
-4.9746483094e-01
-6.3782090369e-01
-2.0571102237e+00
-5.6907740951e-01
-8.6289760626e-01
-7.2027074935e-01
-3.5256199476e-01
1.0376139779e-01
-1.2664342689e+00
-6.8993809725e-01
1.4480152710e-01
-1.4114692111e+00
-2.0604651973e-01
-7.0857055344e-01
-2.5882014483e+00
-2.4072224527e+00
8.7667583375e-02
-4.4991664489e-01
-2.5432368138e+00
-9.1825076953e-01
-9.7195529423e-01
-3.0460694021e+00
8.7585608577e-01
-7.4417806543e-01
-7.2114682128e-01
-4.1981876240e-01
-1.2277847229e-01
-1.5020020638e+00
-4.2688890074e-01
6.1190024781e-01
4.4756665584e-01
-5.1792334011e-02
5.6861324575e-01
-1.0662484212e+00
-1.6597646639e-01
-2.6150616020e-01
-1.0669308294e+00
-1.5004609593e-01
4.5068552990e-01
-5.5137899485e-01
-5.0236423142e-01
-1.9022465350e-01
-8.3468107482e-01
-1.2409405945e+00
-1.7417612142e+00
-2.4483802415e+00
-4.0282893494e+00
-1.3065766930e+00
-2.3859428324e+00
-1.5556613756e+00
-6.0514319053e-01
-1.8364421150e+00
1.5560127438e-02
-1.0336945765e+00
1.8858549469e-01
-9.0370622942e-01
-7.4709942142e-01
-2.5826463960e-01
-1.4922256663e-01
-1.0328244650e+00
7.4894840811e-01
-1.6345731335e-01
-7.8073343392e-01
-8.1005492885e-01
1.2912988712e+00
2.0819394688e-01
-6.6489243290e-01
-5.8151374752e-01
-5.7921436186e-01
-1.4857307719e+00
-1.2085487094e+00
-1.2744948650e+00
-2.3140639786e+00
-1.9005043422e+00
-8.6750282082e-01
-1.0524846719e+00
-1.4635079310e+00
-1.6957128871e+00
-6.1168824363e-01
-1.5030828299e+00
2.6527256165e-01
-1.1848936456e+00
-1.0518337898e+00
-1.3764845961e+00
-8.9405287492e-01
-3.3092550014e-01
-4.4873291257e-01
-4.0738811822e-01
1.3339951446e-01
1.3130818203e-01
-8.5309486175e-01
-2.2738053213e-01
-3.0662414728e-01
1.7609201401e-02
3.2288573946e-01
-1.1217231723e+00
-1.5610792021e+00
-9.3036193895e-02
-6.0287351378e-01
-2.3738612919e+00
-2.4808273693e+00
-1.4413187885e+00
-1.8460818233e+00
-3.6074133215e+00
-3.1034728290e+00
-1.0827563787e+00
-1.4446359941e+00
-2.2233760923e+00
-8.9662722287e-01
7.6190743518e-01
-7.1943404487e-01
-5.8957240638e-01
-1.7198221883e-01
-8.8886076680e-02
2.3888712483e-03
-1.7863271477e-01
-6.3361973174e-01
-1.5787079087e-01
-9.0546829506e-01
-1.3086123057e+00
-6.9564965735e-01
-4.4293707659e-01
-3.4075096403e-02
-1.1557947756e+00
-8.4873003112e-01
-1.7716107212e+00
-1.4129735761e+00
-2.5702319043e+00
-1.1886844288e+00
-1.4958598585e+00
-1.8038011056e-01
-1.8033534296e+00
-9.6607583376e-01
-2.7016580297e+00
-9.7590914943e-01
-1.1987970624e+00
-6.0188534173e-01
8.1121588730e-02
-1.6635579003e+00
-8.7797129477e-01
-1.2359601725e-01
-1.7324548146e+00
-1.6413105291e+00
2.1744203782e-01
-5.2355470795e-01
1.0721519089e-01
9.4018168948e-01
-8.0572156404e-01
1.1386178768e+00
-2.2543084859e-01
-1.9361014026e-01
-2.4443964358e+00
-4.2708035721e-02
-1.5294105797e+00
-6.3544052077e-01
-8.2100042969e-01
-1.8609299845e+00
-2.2693770317e+00
-2.5513824514e+00
-2.4963226326e+00
-2.3756144573e+00
-3.2816955600e+00
-1.0156673936e+00
-8.9490203322e-01
-1.6050632735e+00
-1.0354717515e+00
-5.1961827059e-01
-8.1155684595e-02
-7.9972488096e-01
-3.5378167150e-01
-2.6313824010e-02
-2.4138935609e-01
-7.5273331219e-01
-2.3113768869e-01
5.1489309814e-01
-1.5630102028e+00
-1.1024478778e+00
1.2847441364e+00
-1.1453661953e+00
-5.3765372404e-01
-2.0576994416e+00
-5.7302602356e-01
4.1483313699e-01
-4.1874669687e-01
-1.2536305416e+00
-2.1306023989e+00
-2.3233223310e+00
-3.0419824087e+00
-6.1367508260e-01
-2.7003817741e+00
-4.8786670173e-01
-2.1155434556e+00
-5.7352598868e-01
5.8895247630e-01
-4.0640149802e-01
-8.7401287518e-02
1.1158470550e+00
-7.5932430872e-01
-2.4735117173e-01
-5.3990658100e-01
-6.3363587132e-02
3.1483113728e-01
-2.6982533628e-01
2.0766815493e-01
1.3303998204e-01
8.7862199395e-01
-6.5169282591e-01
-2.1772089957e+00
-1.5585548607e+00
-6.4134777166e-03
3.6423037735e-01
6.9730517000e-01
-1.3571045289e+00
-2.9432264680e+00
-1.2697703438e+00
-7.0440445183e-01
-1.5962065903e+00
-2.1894194651e+00
-8.4175120400e-01
-1.0554661504e+00
-1.4285008299e+00
-2.3629464509e+00
9.6117761478e-02
-9.8952729871e-01
-4.3234446654e-01
1.4184273849e+00
1.8979144363e-01
-9.5811558853e-01
1.6358406488e-01
4.5829393405e-01
-2.0451894790e+00
-3.1464988670e-01
-5.6409836800e-01
-1.3471642932e+00
-9.0795190855e-01
1.2223501672e-01
-2.8719920156e-02
-1.0101780507e+00
-1.6302859824e+00
-9.1578362373e-01
-4.5050099556e-01
-2.7812696110e+00
-2.3776068071e+00
-3.6046519711e+00
-4.2698110034e-01
-7.3138882897e-01
-2.4264671976e+00
-3.5730258624e-01
-1.4313848860e+00
-4.2801895421e-02
-3.1332372511e-01
-1.3370673427e+00
-4.5361701587e-01
-9.8590431555e-02
-1.5475489001e+00
-2.8913890674e-01
2.4704523721e-01
1.1514734715e+00
-5.2191246633e-01
-5.0443741398e-01
-3.5669989882e-01
4.8098488442e-01
4.2240486796e-01
-1.5256995764e-01
-1.0197682458e+00
-1.4136240784e+00
7.5655718573e-01
-1.7632099824e+00
6.7109440930e-02
-5.2717758512e-01
-2.4342554595e+00
-2.2664848350e+00
-2.1028290414e+00
-2.9045726313e+00
-2.5716802677e+00
-7.0810121089e-01
-2.5493705932e-01
1.8167706077e+00
-1.1692912828e+00
7.4048888616e-01
-5.7589544759e-01
-6.2438672699e-02
-2.9533916619e-02
6.0229524813e-02
-1.5914776474e+00
-3.5575666522e-02
-6.9900212566e-01
4.1786305375e-01
-1.0792733838e-01
-5.2905362821e-01
-2.4935233978e-01
-1.4519736753e+00
-1.0975834699e+00
-1.4868145108e+00
-1.5078644863e+00
-2.3637421478e+00
-1.5336020704e+00
-1.8151646282e+00
-2.9052755269e+00
-2.2633364172e+00
-1.5175181855e+00
-8.6752088381e-01
1.7097235833e-02
-7.5728873188e-01
-8.7857481450e-01
-1.1170186136e+00
-8.3101834490e-01
-2.0884353371e+00
1.2476565122e-02
5.6681817633e-01
-4.1713926940e-01
-9.3278884182e-02
-4.4954289728e-01
1.1648509116e+00
8.4505704862e-01
1.7329923704e-01
-1.2766653749e+00
-7.9039288707e-02
-5.1827914752e-01
-5.3289524793e-01
-8.4424827724e-01
1.2888663703e-01
-1.0664718767e+00
-2.1133892317e+00
-5.4944636521e-01
-1.6367064372e+00
-3.1170716482e+00
-2.6400495440e+00
-1.3440068793e+00
-1.0092158050e+00
-1.8961147911e+00
-1.1066877109e+00
-2.3928259765e+00
-8.5457135707e-01
1.4427620769e-02
-1.1889756674e+00
-1.1433414620e+00
-1.5905070445e-02
-9.1451024573e-01
8.2289573584e-01
-5.8918319196e-01
3.4304481588e-02
3.0972796607e-01
-3.8686692384e-01
1.1912706871e-01
6.5078481135e-01
-1.0801779275e+00
3.1086342916e-01
-1.1862539736e+00
-6.4922602207e-01
-7.1477153468e-01
-1.0497298974e+00
-9.0564146062e-01
-1.6875777477e+00
-2.3331949856e+00
-2.0433153809e+00
-2.3449390884e+00
-8.2550981867e-01
-1.3181517214e+00
-1.4498218039e+00
-1.4267477860e-01
-8.4510940201e-02
-3.2270394150e+00
-1.0699772765e+00
-1.8948177118e+00
-1.8196186541e-01
-5.0213858523e-01
-5.0566825306e-01
-2.0699889025e+00
-1.1932267792e-01
-7.6275992243e-01
1.2217821017e+00
-3.9305156182e-01
-1.2864867679e+00
-1.3411086440e-01
-1.6247563804e+00
-5.2053315569e-01
-1.5090201234e+00
-2.9440497288e-02
-1.7319263996e+00
-9.4389415681e-01
-1.4961269195e+00
-1.5683442357e+00
-1.7724328297e+00
-1.2188323041e+00
-9.5160607930e-01
-4.9742116453e-01
-1.5186435050e+00
-4.0387332965e-01
-1.2113319217e+00
-9.8710355155e-01
-8.6008391768e-01
-3.0322683974e-01
-1.9626080698e-01
-1.7564722347e+00
-2.2410764717e+00
-2.3551124686e-01
1.1540354446e+00
-1.9303234284e+00
-1.3010001601e+00
-2.3217631535e-01
-5.5394698957e-01
-2.5214308842e+00
-1.3358096617e+00
-1.9284849774e+00
-2.7486994452e-01
-5.5786775964e-01
-1.9921436449e+00
-2.4667200699e+00
-1.4875141302e+00
-3.4453988193e+00
-2.5456268179e+00
-1.2654819061e+00
1.4503711686e-01
-1.6630663866e+00
-1.2899746662e+00
-9.0526025516e-01
-1.1557254820e+00
-1.3180251424e+00
-3.4702268536e+00
-3.0729271049e+00
-1.9591856501e+00
-1.7758335139e+00
-8.5119163807e-01
-1.3668694066e+00
-1.1434459286e+00
-2.5002559440e+00
-3.8122593028e-01
-3.0884862496e-01
-1.4395198881e+00
-8.0571920864e-01
1.3371155676e-01
-6.2355257281e-01
-1.7832185287e+00
-1.3096273188e+00
-4.0597256768e+00
-1.1031089661e+00
-2.2460021252e+00
-1.8016721867e+00
-2.1304016413e+00
-1.0900228676e+00
-9.4784646639e-01
-2.7948370876e+00
-2.1585959209e+00
-1.4037505081e-01
-1.2567322872e+00
-3.7728415585e+00
-2.1505547282e+00
7.1613861015e-02
-1.4266514952e+00
-1.1001691643e+00
-1.7068910760e+00
-8.8869991366e-01
-3.3010147931e-02
-1.7633591869e+00
-8.7568577186e-01
-1.1645546950e+00
-1.0042243201e+00
-2.0508447775e+00
-2.8055575242e+00
-1.9887577523e+00
-7.2030674293e-01
2.0252206627e-01
-4.1871089911e+00
-3.6581582188e+00
-1.1194857849e+00
-1.4791492770e+00
-3.2003391505e+00
-9.5748386262e-01
-1.6399609218e+00
-2.4688615606e+00
-1.0508456264e+00
-1.8759868446e+00
-1.3543148866e+00
-2.7498163112e+00
-2.7943732054e+00
-2.1676471467e+00
-7.9599961458e-01
-1.5079329878e+00
-1.6703912164e+00
-1.3349141672e+00
-1.5369955749e+00
-2.4592419505e+00
-3.9750997039e+00
-5.6628827851e-01
-1.0263861060e+00
-2.6198728092e+00
-1.1192423256e+00
-9.6126936563e-01
-2.0922792243e+00
-1.4982825352e+00
-1.6337995824e+00
-2.2377827652e+00
-3.2283912228e+00
-2.5916328862e+00
