-1.2201002398e+00
5.8457697261e-01
-1.0382225721e+00
-6.4789627865e-01
-1.3637858599e+00
-2.3658670097e+00
-1.9229650476e+00
-1.6778207020e+00
-9.3518804575e-01
-1.6456403333e+00
-1.2869158443e+00
-6.7541302625e-01
-1.3130624624e+00
-1.5213943994e+00
9.2592137682e-01
-1.6987005469e+00
-2.7784504997e+00
-1.4772036780e+00
-1.6936585297e+00
-9.2049509929e-01
-1.4745402973e+00
-8.8732013338e-01
4.1794037667e-02
-1.2122491716e+00
-2.5450543671e+00
-6.6068734002e-01
-1.3504831678e+00
-2.0696747833e+00
-1.7976487278e+00
7.1833563187e-01
-1.1721337472e+00
-3.9460772903e+00
-9.5950264122e-01
-1.4908235988e+00
3.9881051075e-01
-5.7300571560e-01
-1.7772291829e+00
-3.1069811342e-01
-1.3937493114e+00
-9.2600090099e-01
-9.4514098240e-01
-9.9210704213e-01
-1.5576077803e+00
-8.4404486176e-01
-6.7325962649e-01
-6.8298794627e-01
-3.3128230638e-01
-2.2913267857e+00
-3.6181115648e+00
-4.8407061319e-01
-1.3314129931e-01
-1.2279331352e+00
-2.3714869843e-01
-1.1888552009e+00
-1.4373896355e+00
-9.0457682775e-01
-3.4380373791e+00
-3.1105486774e+00
-2.1550010397e-01
7.9390216490e-02
2.3271908487e-01
4.0682361067e-01
-1.2383235331e+00
-1.3478948112e-01
-4.0474600611e-01
4.9763157456e-01
1.0138559977e-01
-1.4782314623e+00
-1.4218958465e+00
-3.3183270704e-01
-1.5732044634e+00
6.2624453757e-01
-1.7903921731e+00
-2.9325824324e-01
-9.5604567093e-01
-5.3057833304e-01
2.3317480566e-01
-1.2420506160e+00
-2.8401339623e+00
6.3449589468e-02
-7.8419726685e-01
-8.0616204675e-01
-4.2602008550e-01
-2.0747810196e+00
-1.7624742523e+00
-3.7143254264e-02
-2.5478216654e+00
-6.4442599692e-01
-1.7135002399e+00
-2.8626047480e-01
-7.4128662867e-01
2.5304132488e-01
-7.4093805122e-01
-9.0929097826e-01
-6.2708445396e-01
-3.0601108849e-02
-1.0559710376e+00
-4.4882975959e-01
-1.1338732066e+00
2.8835566540e-01
-1.5518114677e+00
1.2486581597e+00
1.1440880100e-01
-7.6180119784e-01
-1.5793968313e+00
6.9611762043e-02
-8.3527519647e-01
5.8781980060e-01
-1.0622379364e+00
1.0325967542e+00
-8.6753290854e-01
2.2871217322e+00
-2.8656467268e+00
-1.8600696823e+00
-1.6731097711e+00
-1.5680060872e+00
3.0926224784e-01
-1.1325667049e+00
-8.5859104854e-01
-1.7482624798e+00
-2.1774944907e-01
6.6975703551e-01
-3.1517910571e-01
1.7832883278e-01
-1.4209352449e+00
-8.5731371633e-01
-6.8130301836e-01
3.0907192648e-02
-1.8247781949e+00
1.8111832681e+00
3.7695203884e-01
-7.1582361816e-01
-1.1128526463e+00
-3.9078636639e-01
-9.2332463023e-01
-8.4077245017e-01
-6.6526738145e-01
-9.6871942793e-01
-1.0481762230e+00
-9.9417865522e-01
-5.6847510092e-01
-6.1468688522e-01
-2.6210804722e-02
-1.1410062571e+00
-7.8496688795e-01
2.4984780424e-01
1.1764708889e-01
-8.0181481183e-01
6.9117278963e-01
8.4007495960e-01
-1.0340465164e+00
2.0936382809e-01
-3.7370078723e-01
1.5885775184e-01
7.8126323496e-01
-1.6933143223e+00
-1.8252355131e+00
-3.6580226140e-01
5.8424517245e-01
-1.2021764124e+00
-4.5452929450e-01
-1.5685521013e-01
-2.0362745927e+00
1.1749125743e+00
-1.0737191476e+00
-1.2108104014e+00
5.4585911578e-01
-1.3802915128e+00
-1.1528148644e+00
-1.0355929077e+00
-3.4728103686e-01
1.1666546093e+00
-1.5203583456e+00
-9.9397291742e-01
-8.6329900848e-01
-7.3082720750e-01
1.1667901495e+00
4.3549857322e-01
1.2027233233e+00
-7.0263158163e-01
-1.2019500300e+00
-2.1381437745e-01
-4.3466813825e-01
-2.3599150084e-01
3.0222354800e-01
-1.5575271730e+00
-7.5954471153e-01
-6.9516532706e-01
-5.0040781715e-01
1.7930069795e+00
5.1824993063e-02
-1.5646984010e+00
2.7164106504e-01
-6.0701567201e-01
-2.4389650933e+00
-4.1280346234e-01
-1.7108869408e+00
-1.1157210556e+00
-3.2570578778e-01
-7.1022201342e-01
8.8870811893e-01
4.6236373889e-01
-3.9248127536e-01
2.1043194766e-01
5.5312646697e-02
-1.5075516104e+00
2.3243038487e-01
-3.8342843165e-01
-4.7204551508e-02
1.3830257021e+00
6.3861059599e-01
2.1266520913e-01
6.8441154444e-01
8.3144009536e-02
-7.3711329143e-01
-3.5251538367e-02
-1.3469284902e+00
-9.5673782361e-01
-2.8972679838e-01
9.9835637430e-01
-1.6151537342e-01
-1.9785091054e-01
-1.1527907171e+00
-2.2478755572e+00
2.9012692745e-01
3.3844073675e-01
-1.1591797500e+00
-1.5758688665e+00
1.0188788357e+00
-9.6895207355e-01
-6.9480747668e-01
-1.2208633035e+00
-1.5205075503e-01
3.9814552968e-01
2.9679543220e-02
-8.5750989527e-01
-8.6859293547e-01
-4.9603774253e-01
1.2355526911e-01
-1.2230371724e+00
-7.3764669591e-01
-4.3348472458e-01
6.0696876275e-01
-3.7570779746e-01
1.9032696751e+00
2.6903814266e-01
-7.7610718314e-01
-7.8049388447e-01
5.0203476155e-01
-1.3338119426e+00
-1.3365309287e+00
-2.3972449408e+00
-3.9033428522e-01
-6.6115645986e-01
7.1918313037e-01
-6.2261954186e-01
-1.4401660078e+00
-1.1541638963e+00
-1.4493728166e+00
-3.6834846155e-01
-1.0264793054e+00
4.0075542137e-01
-4.0714136338e-01
-1.2020551278e+00
1.5594573718e-01
-1.6185453540e+00
-1.6555593021e+00
3.2119794137e-01
1.0705001280e+00
9.1184024799e-01
1.2102396225e-01
1.3088392144e+00
-8.4246609314e-01
-1.4573530915e-01
-9.0030646565e-01
3.2518396015e-01
-4.8268596230e-01
-6.9262223599e-03
-1.1594170859e+00
3.8726639326e-01
-4.8909803333e-01
-3.1632776641e+00
-8.4641552341e-01
-1.0580553047e+00
-1.4671926959e+00
-1.2593172947e+00
-5.5752190627e-01
-1.8183735591e+00
-1.2757222201e+00
-1.2690092237e+00
-5.5151080832e-01
-7.1588672689e-01
4.4789648502e-01
-2.1383805890e-01
-5.8418073431e-01
-5.4458126764e-01
1.3505119669e+00
-3.6102496218e-01
-2.0669377960e-01
-7.1920572952e-01
-5.5854650908e-01
-7.5691609252e-02
-9.5320017693e-01
4.3252267088e-01
-2.0375480902e-01
-2.0873943779e+00
-9.8954639801e-01
-1.9502262450e+00
2.6674315322e-01
-2.2304432745e+00
-2.9610469745e+00
-4.0789198149e+00
-8.3396806311e-01
-2.2457662538e-01
-1.1502625455e-01
-5.6385028844e-01
-6.5213413447e-01
8.7092105747e-01
-1.7755776668e+00
-6.2808147928e-01
1.5661346586e+00
1.0340290525e+00
3.9507834580e-01
-3.1259163412e-02
-4.0087798611e-01
2.5682047822e+00
9.2411984911e-01
-1.4482760055e+00
-8.2633543536e-01
2.1001575363e-01
-1.3634219126e+00
-8.7303406184e-01
-8.2835191742e-01
-1.5400730390e+00
-1.6380856109e+00
-1.6715792859e+00
-2.5176826878e+00
-2.6502482867e+00
-1.5085349391e+00
-6.1573950606e-01
6.3386796841e-01
-1.8128371532e+00
1.3239315657e+00
-3.3448868122e-02
7.3907094345e-01
8.7302944649e-01
8.5808003545e-01
1.2529160252e+00
-6.2494682021e-01
-1.8281179889e+00
4.4367862107e-01
-5.6431466145e-01
-1.1459302929e+00
1.0512167364e-01
4.1949652419e-01
-1.0128619576e-02
1.5937771313e+00
1.0453479856e+00
-1.3395214213e-02
-6.0914363859e-01
-1.7221281113e+00
5.7481418176e-01
5.2721445417e-01
2.8014962877e-01
-7.4727477899e-01
-1.7957217377e+00
-6.4858415948e-01
-1.1101454411e+00
1.7276691479e+00
-5.5240288574e-01
-1.8959204071e+00
-1.0093617790e+00
8.3817170427e-01
-1.0556905929e+00
6.1326043479e-01
-1.0406897814e+00
8.8649283958e-01
1.1719670502e-01
-3.7454124272e-01
-1.0856405640e+00
-5.6731440044e-01
2.4938651170e-02
-5.7162741778e-01
4.8325854427e-01
1.6446099500e-02
3.7883523971e-01
-9.4225460887e-01
6.8180070912e-01
-1.3149069168e+00
-1.9359778205e+00
-1.9187299727e-01
-2.5501786275e-01
-7.2691751929e-01
-1.9788062766e-01
7.4748249260e-01
-1.6401164248e+00
8.6139403912e-01
-1.0063234303e+00
1.7992810258e-01
-1.3166247510e+00
-5.4913665500e-01
8.2378757942e-01
-3.4082642016e-01
2.3973791464e-02
9.1672826196e-02
3.4281489714e-01
-6.6838999981e-01
-1.2435701043e+00
-6.9701936748e-01
8.5636206348e-03
1.9324459901e-02
9.2347036946e-01
-3.9691208280e-01
-9.9824028406e-01
-6.0310087306e-01
-1.0241190167e+00
-8.7400316213e-01
-1.4743035493e+00
-4.6182943254e-01
-1.0287987795e+00
-1.0962091240e+00
-2.1267005167e+00
-7.6037271051e-01
-1.9476035430e+00
5.3224240514e-01
-2.5625357675e-01
-1.3307484743e+00
-3.9928547409e-01
-7.9509002982e-01
4.0215470360e-01
-5.0531652708e-03
-2.4494457243e-01
-1.8041393305e+00
-1.0970354327e+00
-4.0891835931e-01
3.1378308050e-01
-8.2649099109e-01
-8.4824689410e-01
2.6241305275e-02
-2.1017543484e+00
-4.8727318895e-01
7.1274360595e-01
8.8113712435e-01
-9.6309533442e-02
-1.4361795487e+00
9.3126680467e-02
2.3008665076e-01
-5.0902347198e-01
-6.3744231287e-01
-1.9498466367e+00
-6.4561170227e-02
-1.4402065053e+00
-5.4541288201e-02
-1.8943950429e-02
-1.4635726323e-01
-5.4888979643e-01
8.1783797160e-01
-5.5191137720e-02
5.1406979419e-01
-5.9603281835e-02
-1.2740301292e-02
-3.1239267382e-01
1.4357786352e-01
4.7183783278e-01
-2.8650291846e-01
-1.5358628099e+00
1.0890404989e+00
-6.8340138102e-01
-8.6576106859e-01
-8.5779091546e-01
3.6566810876e-01
-1.2886995742e+00
-1.8480527160e+00
-9.3123958434e-01
3.7385787279e-01
2.4977898286e-01
-1.8775997414e-01
1.9830587202e-01
-1.0172373385e+00
-1.2090577190e-01
-7.4391380583e-01
-1.1632820846e+00
-7.3789047631e-01
-1.6328437655e+00
-1.1476701575e+00
-8.9581696827e-01
-4.8208916620e-01
8.0042687355e-01
-7.2928421903e-01
2.7349102222e-01
-5.8474120815e-01
-3.2162495697e-01
1.0518754018e-01
1.7391540316e-03
7.4379435316e-01
-1.2394372194e+00
3.4517926464e-01
1.0771649889e-01
1.7505689506e+00
-9.9359037456e-01
-8.1638419327e-01
9.9146343689e-01
-5.8298362922e-01
-1.4115564815e+00
2.2593396813e-01
-6.7162260080e-01
-5.9835646677e-01
-7.5515514423e-01
-2.9991726284e-01
-1.7589454853e+00
2.2178335783e-01
-1.5393320671e-01
-1.2599396268e+00
9.8051160544e-02
-1.1712895909e+00
-8.7751011009e-01
-1.1779202580e+00
-9.1853319618e-01
-1.2082994940e+00
-5.8657632720e-01
-1.4340782123e+00
1.3471121568e+00
3.7151117416e-01
-2.8892826152e-01
-6.4000533983e-01
-1.3447006239e+00
-7.3768027459e-01
-6.9937294207e-01
-9.3348094874e-01
8.4171535004e-03
-7.1980069880e-01
-1.6160578491e+00
-1.1464405840e+00
2.6115736365e-01
-1.3050736997e+00
-7.6213866582e-01
1.2327972314e+00
-4.2516818500e-01
-1.2902602233e+00
-6.0288777096e-01
-3.1947883724e-01
-9.8110048590e-01
9.3633064651e-01
-8.0341863712e-01
-1.4169452843e-01
9.2735833003e-01
-1.6284968341e+00
1.2300346320e+00
-1.1717671507e+00
-1.8804861022e+00
1.2127690687e+00
-1.1883518491e+00
-4.2264045305e-01
-5.4133897258e-01
-9.2400301035e-01
-2.2022159761e-01
-1.2605842606e+00
-1.0204289464e+00
-4.6871994151e-01
-2.0939337445e+00
9.7274905819e-01
-4.6959623090e-01
-1.2747255904e+00
-1.1423653812e+00
6.5044212299e-01
-9.1562507382e-01
-3.0799927026e-01
-2.4834927430e-01
7.5223650596e-01
-1.2195844299e-01
1.8445712474e+00
-4.4700902768e-01
-4.2519252409e-01
-3.8107862580e-01
-6.3940191291e-01
-6.8088188796e-01
3.9775239195e-01
-1.9151978827e+00
3.7232655269e-01
-1.5680108257e-01
-2.2836182101e-01
3.1510571367e-01
1.9654820316e-01
9.5156231342e-01
-1.0387483974e-02
-9.1159881666e-01
-1.2882539506e+00
-1.7071923439e+00
-1.8567527225e+00
-8.1802726030e-01
-1.6134751083e-01
-1.2488987176e+00
-1.6677058915e+00
-7.9927515401e-01
-4.9296374200e-01
-1.6490377906e-01
-1.2812018066e+00
1.1122862769e-01
-1.0225168163e+00
-1.3215214378e+00
-9.0102485973e-01
-5.0693329159e-01
1.5599239548e-01
4.1829621405e-01
-1.0678920308e+00
4.0627296857e-02
-7.1274449124e-01
-1.1828175174e+00
4.3634434737e-01
-1.7930998010e+00
-2.3092464015e-01
1.2094161097e+00
-7.2193386069e-01
-1.2233389063e+00
-2.0544799024e+00
-1.7631224604e+00
-3.9261426075e-01
-8.6966603465e-01
8.3755832666e-01
-1.4437788354e+00
-2.4517136982e+00
-1.6696452682e+00
3.6450131847e-01
1.1974885356e-01
-1.7442720564e+00
-1.0380850881e+00
4.0855711807e-01
5.3604907652e-01
4.0456963144e-01
-1.1520598868e+00
1.4002172650e+00
1.3799367015e-01
-1.2776930387e+00
-1.1775891540e+00
-9.3220625763e-01
-1.1237521090e+00
-1.5148887801e+00
-9.0051089023e-01
-1.0016732220e+00
-2.4627065009e-01
-5.2278440569e-01
-1.3233988920e+00
-1.3566002417e+00
-2.3368019921e+00
-1.9697777196e-02
-1.9651769494e+00
-4.0125198981e-01
-1.0317656834e+00
-5.1273920914e-01
4.3794238837e-01
-1.9270405630e+00
8.3225910678e-01
-6.9763426716e-01
-2.3629815949e+00
-3.9028904879e-01
-2.3273787904e-01
1.0884586286e+00
1.0009372526e+00
1.8152186732e+00
-8.2727485031e-01
3.4497905051e-01
1.5590028751e-01
-2.2822102253e-01
-2.9972813396e-01
-1.4889999286e+00
-3.6548518981e-01
-2.4022293214e+00
-7.4291499201e-01
1.2314186881e+00
-6.2840946917e-01
-2.0025642633e+00
-2.1976688130e+00
-6.2785193671e-01
-6.1249503286e-01
-1.2388969660e-01
-7.0090197321e-01
-8.3004799133e-02
1.1069124733e+00
1.1651219540e+00
-3.4257189935e-01
-6.5905262073e-01
-1.4857222274e+00
-1.3663691174e+00
3.2966129901e-01
-9.6375962565e-01
3.3211377351e-03
-1.0562790103e+00
1.2816490170e+00
-8.3020119554e-01
1.3294882061e+00
-7.7664920904e-01
-1.8858521864e+00
7.8399488194e-02
-2.9967483764e-01
-2.0780024842e+00
-1.0088762798e+00
-1.6930125119e+00
-1.9701451180e+00
-1.1113007290e+00
-3.1877470989e-03
1.0565898258e-01
-2.9183013604e-01
-1.1194766360e+00
-1.1489770045e+00
-1.4599216566e+00
-6.6215880668e-01
-8.0019392324e-01
5.4545973699e-01
-2.1991601326e+00
-9.1911811692e-01
-4.2408381011e-01
4.2091920222e-02
-1.0597562061e+00
-3.2944871347e+00
-1.3276439679e+00
-7.7233506518e-01
1.3780088435e-01
-7.8993949322e-02
3.0314638614e-01
-9.2235278614e-01
-2.8600583905e+00
-1.2318183281e+00
-6.3374229452e-01
-1.7470988015e+00
-5.0316278918e-01
-1.2586552404e-01
3.1207550758e-01
-9.2740072405e-01
-1.3159389143e-01
5.4925016269e-01
-2.5286353963e+00
-1.6964004600e+00
-1.3651815556e+00
-8.9541975450e-01
-1.8443008657e-01
-3.1041888761e-01
2.5977119169e-01
-8.5725317926e-02
3.2250277797e-01
-1.1323612019e+00
-1.3368177203e+00
-2.6143423886e-01
-1.8908651102e+00
-1.7274406503e+00
-4.9823014464e-01
-1.5296136728e+00
-2.1002474160e+00
-1.4117878088e+00
-1.5802721756e+00
1.8909841002e-01
-9.6754152604e-01
-6.0160215421e-01
-9.4549278974e-01
-9.1249652028e-01
1.4508062039e+00
-1.8973999955e+00
-8.9643477113e-01
-1.0678880267e+00
-7.5574697971e-02
-1.2809378114e+00
-1.5208919578e+00
-3.6775467565e-02
-7.0548922976e-01
-1.5290271095e+00
-1.7526127349e+00
3.2342901257e-01
-8.4027766921e-01
-1.5952775366e+00
4.1593278883e-01
1.4273949826e+00
2.6633549673e-01
-1.4540313439e+00
-1.8933946882e+00
-2.1023320384e+00
-5.4342753294e-01
-1.8432010318e+00
-2.0960045388e-01
-4.6919689714e-01
-1.2293924716e+00
-2.6088332435e+00
1.9545346561e-02
-2.8670475520e+00
-9.3360820498e-01
-1.9006189522e+00
