1.2697387237e+00
-4.3512657279e-01
3.2700307673e-01
-1.9950659313e+00
-2.3170118899e+00
5.1733225166e-01
8.9737457166e-01
5.7396831216e-03
9.9488671457e-01
1.0185659820e+00
1.4558676731e+00
-5.8359318342e-02
-2.1358960621e+00
-2.7927415476e-01
-5.9287954913e-01
7.2631202268e-01
-8.3898857814e-01
-9.3995432767e-01
1.0694403841e+00
5.1733430131e-02
6.3357308417e-01
-2.3313649781e-01
-5.0720639074e-01
-9.2680125954e-01
5.3345608381e-01
1.1010237358e-01
-8.2180884674e-01
4.0749875983e-01
-4.9234356037e-01
3.8415749186e-01
6.5367578387e-01
1.0792500691e+00
5.5010182481e-01
6.2581449091e-01
-2.4020736866e-01
5.2642810702e-01
-1.6550120055e+00
9.3643070721e-01
-6.9614807834e-01
-1.6183416687e+00
-4.5152127776e-01
8.2402760832e-01
-1.5561886289e+00
-8.3144509797e-02
5.3005655719e-01
4.0553985845e-01
8.6996500097e-01
-5.5496923574e-01
8.3893908756e-01
6.6579709214e-01
6.6903390179e-01
-8.9017032952e-01
-2.6345732013e-03
9.1213391669e-01
-5.9307079639e-01
-6.5403406724e-01
9.4632062292e-01
-1.3496748780e+00
2.4973581261e-01
-1.7030504786e+00
-2.9184935181e-01
-1.4463224467e+00
2.6670232482e-01
-4.1840581582e-01
-9.3043993321e-02
