-9.2004129962e-01
9.3486198706e-01
-5.7185062823e-02
1.1707759686e+00
9.7779103541e-01
-1.6838408000e+00
2.4089814395e-02
2.0714953005e+00
-2.9131303201e-01
-8.8946500321e-01
-7.6060059748e-01
-1.7188965217e-01
1.8203099293e+00
6.8618440042e-01
8.2519362936e-01
9.2031495127e-01
8.4558510014e-01
-6.9134121995e-02
-5.8071869647e-01
-1.0351537389e+00
4.3158386030e-01
9.3303171418e-02
-1.2303491708e-01
-3.4230419331e-02
-1.1939624509e+00
5.8547062107e-01
-4.4876031560e-01
-1.0621451806e+00
-6.7296238552e-01
-1.4299167634e+00
1.5508304838e+00
7.4147540405e-01
-2.1751978865e-01
4.5849438917e-02
2.1958166184e+00
7.0661666491e-01
-8.1434044189e-01
-1.5690877646e+00
1.6149181055e+00
4.3799350038e-01
-1.9159834277e-01
-5.2212673567e-01
-8.3873502175e-01
-3.8595772908e-01
-6.8370621448e-01
-1.1898313305e-01
2.4510568755e+00
3.0344275228e-01
-5.1891343131e-01
-1.1478292808e+00
6.2369360929e-01
-1.7338434638e+00
-2.7607103840e-01
1.0028086206e+00
1.1459855544e+00
-1.5728447098e+00
1.2290483582e-01
-1.4206309581e+00
-1.4949565361e+00
7.8577881709e-01
-2.5527404381e-01
-5.8274740742e-01
7.9593895103e-01
8.8095545078e-01
-1.0047225958e+00
-8.6559534795e-01
-1.2560257693e-01
-1.1738854414e+00
-6.5390769435e-01
-1.1935640318e+00
1.3380831350e+00
7.2304962602e-01
2.1195364991e-02
1.6430341704e+00
7.4592373748e-01
-1.1871333288e+00
7.2119514820e-01
1.0192425805e+00
6.8017143723e-01
-1.7426157745e+00
6.6657319517e-02
9.7241231850e-01
1.2100969069e+00
1.2993753287e+00
6.6262658213e-01
-1.1823698447e+00
-2.0200513659e-01
-2.0095679374e+00
-5.6088032205e-01
8.6084455296e-01
-2.2385911344e+00
1.2284802175e+00
8.5284835213e-02
9.4613213877e-01
-1.1253553337e+00
3.9200146142e-01
8.1894530714e-02
1.4096391171e+00
1.0944714289e+00
-1.1326114369e+00
8.2397534513e-01
-5.5433092622e-01
-2.2542267706e-01
-1.1024052646e+00
-1.2296431459e+00
-7.3776951970e-02
1.8791208546e+00
3.3127206041e-02
8.6301725138e-01
7.1795768378e-01
1.7453569208e+00
-1.2987121752e+00
9.6582732052e-01
1.2014727606e+00
1.1899760521e+00
8.1252787050e-01
1.0137924324e+00
-6.8337542486e-01
3.7650413675e-01
-5.5401640186e-01
5.7497711321e-01
1.5667735994e+00
-2.9222842749e+00
-1.8032991644e+00
-1.7876680516e-02
2.4913960063e-02
-2.3312720178e-01
7.0168100524e-01
7.0189435461e-01
1.7853273205e+00
-8.3929796350e-01
3.3754556473e-02
-1.8540594279e-01
4.9626438927e-01
7.6467551254e-01
-6.2887916991e-01
6.6771787850e-01
7.7393044799e-01
1.7069112353e+00
7.1617396803e-02
-2.6625541011e+00
2.6300711958e+00
-8.2045959210e-01
-9.6393663003e-01
-4.2927675534e-02
-9.4943334749e-03
1.1892958196e+00
-1.7192520181e-02
3.9765421428e-01
8.2840449903e-01
1.4862510875e+00
1.0759798116e+00
1.9629524875e+00
9.9949716402e-01
4.4103437845e-01
-5.2660732373e-01
-9.8186349328e-02
8.5150651194e-01
8.3338043396e-01
9.3284284996e-01
-4.8337243797e-01
1.3338937939e+00
