-1.9180006631e+00
-7.6161352537e-01
-1.7567041919e+00
-4.5695495361e-01
-2.5020511696e+00
-1.9669995583e+00
-9.3455425058e-01
-1.5383473199e+00
-3.1380108680e+00
-4.5174316869e+00
-3.7716298403e+00
-1.0847479454e+00
-2.0369449540e+00
-2.3030067758e+00
-9.6916459198e-01
-1.1233443749e+00
-1.4651417693e+00
-2.4329666582e+00
-3.8823172755e+00
-2.3484153147e+00
-2.3815652093e+00
-1.4213786593e+00
-2.9625257081e+00
-1.4119776672e+00
-1.6850863427e+00
-1.1207525185e+00
-1.8508215598e+00
-2.1914218881e+00
-2.5131443029e+00
-1.1448153293e+00
-2.2757371417e+00
-2.0758976547e+00
-1.7866931402e+00
-1.9526233602e+00
-5.1182231342e-01
-1.9661932288e+00
-2.3718096685e+00
-1.1639166147e+00
-7.0172401009e-01
-9.6653294467e-01
-1.6425491424e+00
-6.5286282839e-01
-3.2252355263e+00
-1.7262384430e+00
-2.1610731314e+00
-1.4575824708e+00
-1.6138437431e+00
-2.0748650408e+00
-2.6493453448e+00
-1.3547001180e+00
-2.1490804658e+00
-2.7171241228e+00
-3.6870239200e+00
-2.8168353955e+00
-1.7761546742e+00
-2.6024989674e-01
-3.5831029819e+00
-2.0037880926e+00
-1.5951479932e+00
-1.8144332485e+00
-2.6877846246e+00
-2.2440824337e+00
-2.1723187259e+00
-1.4620477546e+00
-2.0599800732e+00
-8.8031997749e-01
-1.5473822512e+00
-3.1860141308e+00
-1.1336499808e+00
-1.2781329702e+00
-1.3568926320e+00
-2.4003398851e+00
-1.0098926540e+00
-1.5690043001e+00
-1.1159186485e+00
-1.1845737937e-01
1.3303757532e-01
-1.9239663427e+00
-2.7219446537e+00
-1.1651560643e+00
-1.0942279326e+00
-1.5219067748e+00
-2.4710421440e+00
-1.9890914157e+00
-3.7487961562e+00
-2.7951226501e+00
-1.0820644183e+00
-1.0973769059e+00
-2.2807809320e+00
-3.1118423769e+00
-1.0590979154e+00
-2.1690436855e+00
-2.3665606322e+00
-1.2094059579e+00
-2.1548018596e+00
-9.0466731226e-01
-1.3589785634e+00
-1.8318030177e+00
-2.6727990031e-01
-1.5108315647e+00
-1.6592383027e+00
-6.8252620475e-01
-6.8762129554e-01
-1.5759120036e+00
-2.3295804486e+00
-2.1535102043e+00
-1.0620088594e+00
-3.3024536195e-01
-1.1607406974e+00
-2.6510124780e+00
-2.2316035684e+00
-2.6251248410e+00
-9.9248480286e-01
-3.0233885967e+00
-2.1205601635e+00
-2.0029572899e+00
-2.8434818965e+00
-6.9926062572e-01
-8.0627934075e-01
-1.8684171443e+00
-9.9448485222e-01
-1.7302436875e+00
-5.0769475661e-01
4.8593218747e-01
-2.1255340426e+00
-8.9960033394e-02
-1.0116958332e+00
-2.7414894131e+00
-1.1439524527e+00
-2.8747813211e+00
-1.3170200384e+00
-1.0856288810e-01
-8.7146869871e-02
-2.2008279823e+00
-1.5421694450e+00
5.1307317763e-02
-1.2033011095e+00
-1.9306147318e+00
-9.6031559657e-01
-1.9558948502e+00
-1.3817578606e+00
-1.2372034869e+00
-1.8571141082e+00
-7.3405207449e-01
7.5082451176e-02
-4.9587912093e-01
-7.6762797007e-01
-4.2750341635e-01
3.2247277140e-01
-1.5291100692e+00
-2.1859594244e+00
-7.6392120027e-01
-7.8224459324e-01
4.1818985052e-01
-1.9626829016e+00
-6.8014354792e-01
1.1130114795e-01
-2.7454901934e-01
-3.2885722487e-01
-1.0608819697e-01
-6.7883119947e-01
-1.0059540355e+00
-1.6717147836e+00
-2.1543816247e+00
-9.5414272933e-01
-1.8529611734e+00
-2.1613600933e+00
-1.9636831699e+00
-1.8937716413e+00
-2.5923879546e+00
-1.3393899963e+00
-1.9072140867e+00
7.5974446176e-03
-9.9654963824e-01
-1.0350679042e+00
-1.2931501927e-01
5.3067549884e-02
6.6888039246e-01
5.2719146378e-01
6.3103466527e-01
6.4618424719e-01
1.6046799454e+00
8.8104321191e-01
2.8823923781e-03
7.7313998177e-01
-1.2192272209e+00
3.4123241189e-02
-1.8797355926e+00
-1.8535511517e+00
-1.2159818462e+00
-1.3620298459e+00
-1.3965520218e+00
-1.5055659947e+00
-9.7559561594e-01
-7.6457143997e-01
-1.6137811888e+00
2.9755055225e-01
-1.0021874177e+00
-1.5516037553e+00
-1.1595080595e+00
-1.3584501454e+00
-1.9152959160e+00
-9.9214773660e-01
6.4575252585e-01
1.6233523021e-01
-6.5380662893e-01
-1.2678233509e-01
2.1699729934e-01
-1.7840991216e-01
-3.2620211797e-01
-1.8581772900e+00
-6.2936126109e-01
3.6586357965e-01
-1.1316539525e-01
-1.9738387078e-01
5.3873788534e-02
-2.0157838316e+00
-1.5444062349e+00
-1.3036391820e+00
-2.1056894421e+00
-8.5696259936e-01
-2.0226019111e+00
-1.6877871427e+00
-2.0996063037e+00
-3.2303693349e+00
-1.6500642045e+00
-1.3862573672e+00
-2.7570207245e+00
-2.1116092790e+00
-1.7661793256e+00
-1.1584709228e-02
-9.6978163664e-01
-7.2932399173e-01
-7.1858235646e-01
3.9871126396e-01
1.9560550805e-01
-6.8940257711e-01
-5.7350764493e-01
-2.8157124965e-01
4.8399420902e-01
-1.1701450943e+00
2.1063506122e-02
-2.4625194125e+00
-4.2992628587e-01
-1.7076295739e-01
-6.2330850466e-01
2.0081267871e-01
1.2860366834e-01
8.0807793926e-01
-2.3875614754e+00
-2.4992762929e+00
-7.0409852428e-01
-2.4109216965e+00
-3.9043811503e-02
-3.2450154737e-01
-1.7372976476e+00
-1.7039311857e+00
-6.9583545315e-01
-7.8306697092e-01
4.0903169136e-02
-7.0607790729e-01
-2.7680421323e-01
-7.4494316363e-01
-5.4958935588e-01
-8.4449502533e-01
-2.7220857179e-01
-7.2314420984e-02
-1.4848370291e-01
-2.6861681372e-01
8.7645570094e-01
2.8266088524e-02
1.2223908816e+00
1.4476094068e-01
3.0010214813e-01
-9.3265843482e-01
3.2518525431e-01
-2.6111952032e+00
-9.0626760939e-01
-3.7081648722e+00
-2.5053324187e+00
-2.3422845245e+00
-2.1836795999e+00
-2.7298223374e+00
-2.9416695108e+00
-8.1439994798e-01
-8.6336719663e-01
-1.1652504845e+00
-9.7564038333e-01
-1.0473880300e+00
7.8003535334e-01
-5.3026376057e-01
-1.2355993123e+00
1.0630922782e+00
1.2180899858e+00
-6.0325799972e-01
6.6615741262e-02
-3.4271584067e-01
-1.0302674979e+00
8.3441475844e-01
-9.9754026972e-02
-1.2748056904e+00
-6.5096997107e-02
-3.2496250681e-01
-7.5794759824e-01
-2.0607496559e-01
-2.3712192254e+00
-1.1189375906e+00
-1.3047398504e-01
-1.1852912061e+00
-3.0358645275e+00
-1.0398417667e+00
-2.1414144918e+00
-7.4651396999e-01
-1.6104293411e-01
4.0241758366e-01
-7.4052644735e-01
1.8250668972e+00
-8.0082366200e-01
-1.8392965203e+00
2.1958809542e-01
4.7222600646e-01
1.3045099691e-01
2.0689376744e-01
1.0758450740e-01
-8.6111904953e-01
-1.1956059697e+00
-5.8070239169e-01
5.6836904460e-01
1.6023266635e+00
-7.9772222374e-02
-1.4673749336e+00
-1.2671859418e+00
-2.3142204895e+00
-1.5705757983e+00
-2.8208545082e+00
-8.0623333391e-01
-1.2186512583e+00
-1.0385316537e+00
-1.2288828527e+00
-1.6893897740e+00
-1.8610254147e+00
1.6527392979e-01
-1.5603993767e+00
-2.9978910311e-01
1.3821076577e+00
-2.7446523507e-01
7.1006191853e-01
-3.6033759708e-01
-4.8060741323e-02
-8.0312994286e-01
-4.0393633437e-01
-9.3799319793e-01
-8.8782112985e-01
-9.1222070079e-01
7.5721249336e-01
3.4291846501e-01
-1.7038390426e+00
-1.3068047080e+00
-1.3100937140e+00
-1.0982447914e+00
-3.0352428678e-01
-1.2424408104e-01
-1.3896915246e+00
-6.1237936174e-01
-2.4897950778e+00
-2.5066385197e+00
-1.9040971115e+00
-1.9261694093e+00
1.1055337769e-01
-1.0960109408e+00
-3.3539149768e-01
9.3754812459e-01
-1.8939395349e-01
2.1199246387e-01
1.3564883986e+00
-8.9522178431e-01
-3.7026758830e-01
-1.6228187672e+00
-5.8503175724e-01
1.5224969915e-01
-3.6230513411e-01
1.7700897456e+00
-9.7684626558e-01
5.2929499672e-01
-1.1955505508e+00
-2.0886694171e+00
-7.7514584517e-01
1.5223057398e-01
4.6862540755e-01
-8.6828878928e-01
-9.2452456452e-01
-7.8184846282e-01
-2.8209538945e+00
-2.8244768845e+00
-1.1012397896e+00
-1.0216824191e+00
-4.1358203850e-01
1.0271624772e+00
-9.1782862412e-01
1.0022995192e-01
2.2135941044e+00
-5.5337857606e-01
-5.4769425100e-01
-5.0472262324e-02
4.1830084404e-01
4.5877433256e-01
-6.3147571740e-01
-1.2504375028e-01
4.3624912484e-01
2.5366525349e-01
7.8681749703e-01
-1.9928173546e-01
3.4469789087e-01
-3.8520878482e-01
-1.4030914918e+00
-1.2261402019e+00
-1.0204439363e+00
-1.1131418731e+00
-6.5502303699e-01
-2.8148440504e+00
-2.4673637261e+00
-1.0867365732e+00
-1.8652334647e+00
-3.1299852805e+00
-1.5850730452e+00
-9.6993450401e-01
-4.3334109271e-01
-1.6144794245e+00
-9.8340861223e-01
-6.0340210198e-04
-3.5558185719e-01
1.0323871430e+00
1.0302701327e+00
3.2668144816e-02
-5.5969894599e-01
9.9647702036e-02
8.7742585266e-01
7.3413424925e-01
2.4374721023e-01
3.3140309006e-01
-4.8526418436e-01
8.8658737689e-02
-1.2160992731e+00
-9.8753280322e-01
-5.2501196309e-01
-2.1583634787e+00
-2.1754019691e-01
-1.8593057212e+00
-2.0889706828e+00
-1.0766594160e+00
-1.9194382780e+00
-1.8313947007e+00
-1.7100674094e+00
-1.5938905192e+00
-1.1514300696e+00
-9.8577844433e-01
-1.4931886552e+00
9.0847890082e-02
-8.9021778629e-01
-7.4772655577e-01
1.3926549771e+00
-1.3044640725e+00
1.6110714581e-01
9.1106484240e-01
3.7316481720e-01
1.2925841042e+00
-1.9175610943e+00
-5.1832639383e-01
7.5988135989e-01
-4.0484663492e-01
-1.8912855211e+00
-4.4360070141e-02
-4.4034724681e-01
-1.0968388221e+00
-1.2383909582e+00
-7.7149968512e-01
-2.3377302400e+00
-1.5998937709e+00
-1.0893959852e+00
-1.5583425923e+00
-1.3024581606e+00
-1.3458134796e+00
-2.1071931997e+00
7.4559083210e-01
-3.7245287680e-01
1.2452455794e-01
-4.5284691686e-01
-1.2400266220e+00
-9.8544522877e-01
8.7105316387e-02
9.6040609576e-01
1.7177437933e+00
-3.3945366044e-01
-1.3976196163e-01
-1.8917213368e-01
2.0802972161e-02
6.9993510432e-01
-4.0229550576e-01
-7.3011566795e-01
-6.0545848996e-01
-1.3173475070e+00
-1.4517496077e+00
-1.9500897032e+00
-1.1824043648e+00
-3.4260502838e+00
-1.7446580677e+00
-2.5255083925e+00
7.9661987415e-02
-1.9474396798e+00
-1.9018416231e+00
2.7864061486e-01
-6.1708855306e-01
-1.9195797161e+00
-2.1174020906e+00
-8.1414696589e-01
-7.8328599346e-01
-1.0463529960e+00
4.3236750913e-01
-7.8363926984e-01
-1.3539124858e-01
8.3940813227e-02
-2.6479146269e-01
-3.0025017268e-01
1.3927639547e-01
-1.5190176197e-01
8.2812831249e-02
6.9869764850e-01
-9.3198202588e-01
-8.4224804961e-01
-2.5691347759e+00
-2.1812052101e+00
-1.8695485308e+00
-1.8562700863e+00
-2.2463761198e+00
-6.0718332968e-02
-1.3343453908e+00
-1.6815713945e+00
-1.5455908297e+00
1.6820526876e-01
-7.1007018040e-01
-6.3656507664e-01
-1.1405850150e+00
-9.2067960745e-01
-1.5817526266e+00
-3.6950236017e-01
-4.3629708501e-01
-1.0352682243e+00
7.7347322580e-01
-9.4692260878e-02
-1.4196332992e+00
-1.4872667802e+00
5.3698587490e-01
-4.5439207823e-01
-1.5702091063e-01
-4.8505531805e-01
2.1866339718e-01
-7.7673374825e-01
-2.7661891221e+00
-1.9346932165e+00
-1.0423120600e+00
-2.1870760903e+00
-5.2334516205e-01
-1.8982778125e+00
-2.1640100321e+00
-9.9260674953e-01
-3.1792015975e-01
-7.5395763729e-01
5.5285840593e-01
-5.1592420414e-01
2.3089372544e-01
1.4201264283e+00
-6.7001278751e-01
-2.1601053170e-01
-7.2862158637e-02
-2.6614702540e-01
-2.0959034731e+00
-4.0338166547e-01
7.8902305777e-01
-3.0836877447e-01
-1.3117974063e+00
-1.0692128735e+00
5.9810914598e-01
-1.5293272911e+00
-1.4224511259e+00
-1.2170434207e+00
-9.1896799149e-01
-4.1076636983e+00
-9.5125599668e-01
-1.9883272071e+00
-2.3381806586e-01
-2.6174586721e+00
3.1107386667e-01
-9.1145025730e-01
-1.3150400517e+00
-7.7127629330e-01
5.6758393606e-01
-1.3734020161e-01
3.2623475847e-02
1.6169435039e-01
-5.3093486467e-01
7.1288368799e-01
2.6473078982e-01
-1.4350471757e-01
-6.4330686969e-01
-3.8350880395e-01
-1.0594064813e+00
1.1996882906e+00
-3.6160330263e-01
1.1659208735e+00
-7.0034403103e-01
-1.9899279515e+00
-1.0959443622e-01
-5.3681425785e-01
-1.8269438205e+00
-2.8703351642e+00
-1.8564532864e+00
-6.8280077809e-01
-2.3002356090e+00
-1.1602721436e+00
-8.2042936591e-01
-6.6395588836e-01
-7.8048437740e-01
-9.4027155832e-01
9.2452183526e-02
-1.2875218217e+00
-3.1466438256e-01
-4.8797100489e-01
-1.3394816846e+00
-6.4613440728e-01
-5.9571305769e-01
1.3028884870e+00
-9.8111780401e-01
-1.1381392235e-01
3.3168325042e-01
-8.7232903910e-01
-2.6332989562e+00
-2.1355772554e-01
-2.0783645793e+00
-4.3597071454e-01
-9.3978272244e-01
-1.7089772888e-02
-1.3535012525e+00
-1.1054808160e+00
-2.5437195205e+00
-3.5983110430e+00
-2.7303706409e+00
-3.7522373747e+00
-1.1909568593e+00
-9.6902595019e-01
-1.0640772296e+00
-1.3276371593e+00
-2.3512038737e+00
-1.3258464846e+00
4.9437260155e-01
-1.2946347476e+00
1.7324667156e-01
1.3265761701e+00
5.8371227071e-01
-9.4834411871e-01
-1.2802197139e+00
-9.6922200166e-01
1.3112607731e-01
-9.6471610584e-03
-2.0341865366e+00
-2.5187454701e+00
-2.0671143203e+00
-1.5313005892e+00
-6.5766856655e-01
-1.4053605975e+00
-2.4802760574e+00
-1.1826576059e+00
-4.0408623168e+00
-1.7057663636e+00
-1.1400592540e+00
-2.6716249938e-01
-1.8858727393e+00
-2.2300591932e+00
-2.6139669382e-01
-2.4410662398e+00
-8.2932360967e-01
-2.1468054587e+00
-2.2246001500e+00
8.3484576391e-01
-6.2387497214e-01
-1.3820406939e+00
-1.6273671112e+00
-8.3810568480e-01
-2.3007905761e-01
-6.6148081336e-01
3.2483750752e-01
-1.4705853686e+00
-1.9103600483e+00
-2.0399113257e+00
-1.2444207946e+00
-6.8770742526e-01
-1.1068737990e+00
-1.9959996432e-01
-4.2901472311e-01
-1.3839885627e+00
-2.7813435062e+00
-2.2286369054e+00
-2.6741211172e+00
-6.9805893177e-01
-1.5383358549e+00
-1.1874976428e+00
-1.2621878659e+00
-2.1867303013e+00
-1.4468913014e+00
-1.3196927569e-02
-7.7665576661e-01
-1.8482003262e+00
-1.4624985466e+00
-1.5685154182e+00
-2.6377055363e+00
-4.1328944543e-01
-5.7625379963e-01
-2.3919005522e+00
-1.6371148367e+00
-1.1593257826e+00
-1.0219515400e+00
-9.7417756160e-01
-1.8506742565e+00
-1.6076241336e+00
-6.7868432292e-01
-1.4582049079e+00
8.2441862811e-02
-2.8709400488e+00
-9.0646566672e-01
-2.7977286966e+00
-3.1877951306e+00
-1.7523149803e+00
-3.0642766514e+00
-1.9210488496e+00
-1.2959394493e+00
-1.9284625758e+00
-5.2565487030e-02
-1.3244658166e+00
-2.7225521573e+00
-1.1411384458e+00
-6.1930789894e-01
3.4669965293e-03
-1.3395403210e+00
-2.5220474229e+00
-1.8944219596e+00
4.4846264056e-01
-9.3373855990e-01
-2.4111618718e+00
-3.5392370635e+00
-9.0720103333e-01
-2.2316926617e+00
-8.4793909586e-01
-1.4105655360e+00
-2.3020121076e+00
-1.2264108771e+00
-2.4628655022e+00
-1.6124861104e+00
-1.0798547957e+00
-2.7583000064e+00
-2.3546901166e+00
-1.7248706006e-01
-2.9231713366e+00
-4.0014213156e+00
-1.6269459983e+00
-1.6427129165e+00
-1.0800906974e+00
-2.5605209008e+00
-2.6600362224e+00
-2.2855053389e+00
-2.4493035060e+00
-2.3488319148e+00
-2.7221320845e-01
-2.7400881180e+00
-9.9633079890e-01
-2.5948763971e+00
-1.3422776698e+00
-7.3411764215e-01
-2.1502733783e+00
-2.7748197895e+00
-3.0802882890e+00
-1.5172675839e+00
-1.9995669154e+00
-2.0642733247e+00
-2.7370182344e+00
-4.1566547360e+00
