-5.6758487615e-01
-1.0138331290e+00
-1.8974886315e+00
-2.1179407587e+00
6.2456823882e-01
-2.3041556216e+00
2.0927172027e-01
-9.3208760056e-01
-2.7579062922e+00
-1.5289086179e+00
-2.6783481161e+00
-8.4534115347e-01
-5.5070822209e-01
-2.2477989226e-01
-8.6377376031e-02
-2.1300038920e-01
3.3281107571e-01
-7.4676658770e-01
-2.4394713192e+00
-2.3160658379e+00
-1.4608713515e+00
-8.0136266549e-01
-7.8360719729e-01
-1.2168943421e+00
-8.0647018809e-01
-6.5169041257e-02
-2.0588511840e+00
-6.2051170166e-01
-3.3184442709e-01
-1.5898454740e-01
-1.0993783046e-01
-2.9113379762e+00
-1.3304892926e+00
-1.3471797919e+00
-1.1371716836e+00
-8.0620177011e-01
-5.8555692979e-01
-1.6263972546e+00
-6.7287139857e-01
2.9127753883e-01
-2.8929374974e+00
-1.4256134107e+00
-1.7026901290e+00
-1.5271374493e+00
-4.5443920497e-01
-1.9888901627e+00
-8.6026764039e-01
-1.5750152119e+00
2.0023502252e-01
-7.6572374443e-01
-5.8145509820e-01
-9.0128646062e-01
-9.0750683517e-01
-1.9403095910e+00
-2.3727896368e+00
-1.0956801711e+00
-1.1646856511e+00
-1.7728192949e+00
-1.3267283812e+00
-8.4165507527e-01
-1.6034977797e+00
-1.2964104405e+00
-2.0347082350e-02
-6.1423643457e-01
1.6714394731e-02
-1.5093622904e+00
-9.7689902309e-01
-9.8265335612e-01
-5.8585115297e-01
-1.0659418017e+00
-1.6458918584e-01
-9.0472562358e-01
-2.3542910112e-01
-4.5053602169e-01
-7.8619699843e-01
-8.5318085771e-01
-1.2075100350e+00
-1.1349840329e+00
-1.8970919831e+00
-2.0445837185e+00
3.5323323223e-01
-2.1488062599e+00
-5.9603617718e-02
-2.3940202573e+00
-6.3038077872e-01
5.9084878115e-01
-1.4072671506e+00
-9.5313748988e-01
-9.0245090632e-01
5.6914180535e-01
-8.4904608669e-01
-7.0334872721e-01
-1.8516880130e+00
-1.0598605854e+00
-1.6954097965e+00
-1.0148751413e+00
-7.4946878255e-01
-2.5226445077e-01
-4.5170981977e-01
-3.5727664414e-01
-2.0572109964e+00
-7.2392311581e-01
-3.6495288387e-01
-3.1270537360e-01
-1.3038140759e+00
-1.8046921039e+00
-1.2000783566e+00
-1.0762232324e+00
-2.4790190550e+00
-2.5583947793e-01
-1.6339311079e+00
-3.1640600570e+00
-3.7109223733e+00
-8.4646910169e-01
-2.3088945240e+00
4.2373439472e-01
1.5275646981e-01
-1.2202376183e+00
-1.9768496161e-01
-1.4642293547e+00
-8.1136632096e-01
-7.4103690784e-01
1.0740112209e+00
-1.6206677536e+00
4.1687348301e-01
-4.6553032344e-01
5.6970860610e-01
7.6805084808e-01
-1.0015896746e+00
-6.0438831174e-01
-1.0871811752e+00
-1.7124040055e+00
-1.9142405243e+00
-2.6117239668e-01
1.1182398693e+00
7.3683503555e-01
5.2248687742e-01
-7.4540804118e-01
1.9833095216e-01
-1.8412597369e+00
-2.7087345108e+00
-1.5743955840e+00
-1.9628110120e+00
-1.1096835734e+00
-1.7429584806e-01
-1.9517889725e+00
-8.4754867588e-01
-4.4079820399e-01
-5.9605495107e-01
-8.8485527196e-01
2.5741567869e-01
-9.0273226985e-01
-1.2379530317e+00
-3.8854120937e-02
-1.2731021471e+00
5.0040926312e-01
-1.5390283964e+00
4.8543747738e-01
-6.3228061459e-01
-1.0272439919e+00
-2.1247732253e+00
-1.2369696561e+00
9.8667124824e-03
-4.3928869610e-02
2.9583884702e-01
-8.4534522954e-01
-1.4265785412e+00
-3.5493579688e-02
-1.7436697107e+00
-2.2739067987e+00
-1.8637537115e+00
-1.9176886589e+00
-7.6626532359e-01
-8.5362153766e-02
1.7031420296e-01
-3.0285248246e-01
-7.9946596269e-01
-5.5460687868e-01
5.4725276813e-01
-3.9823696366e-01
8.1892258894e-01
-3.5708267971e-01
-4.2490917182e-01
-2.0072424360e+00
1.3879137611e+00
8.4536249245e-01
-2.4523918108e-01
-7.0618816224e-01
1.2250063423e+00
1.7096102599e-01
2.3933354219e-02
-4.3686920106e-01
-3.7168090669e-01
-6.4245802073e-01
8.4379205554e-01
-9.4822485736e-02
1.0545598019e+00
1.7990382353e-01
8.8033477205e-01
-1.2888910575e-01
-9.1071383237e-02
-1.0625922958e+00
-5.8725833503e-01
-1.7291051743e-01
-4.4215705608e-01
4.6381517770e-01
-5.3080432199e-01
-4.4698001244e-01
1.8190120107e+00
2.8891381065e-01
-2.1144837986e+00
-1.1552259693e-01
-2.1841001657e-01
-6.9699533540e-02
1.7892027331e+00
2.9259708631e-01
2.3180583041e+00
2.1649869890e-01
-9.7277211680e-01
-1.1594941234e+00
-6.7989120384e-02
-1.3544863208e+00
1.1786076645e+00
-2.5639245403e-01
-1.1148382891e+00
-5.2454182958e-01
-1.1494691707e+00
-1.6619822647e+00
-6.7574235918e-02
7.8430719230e-01
1.3380312860e-01
-3.1578229991e-01
2.0647065789e-01
-1.1283460844e+00
7.0215273833e-01
-6.3601101025e-01
4.4721397237e-01
-3.0251786174e-01
2.1556600248e-01
-6.4587732676e-01
4.3959913064e-01
4.9984304718e-01
1.1029081113e+00
-2.9390416287e-01
1.4689734828e-01
1.1373790296e+00
-2.2065787184e-01
6.4116851439e-02
-1.4156657157e+00
6.0365439694e-01
-7.8168958619e-01
1.8957690652e+00
-9.5611446935e-02
-7.4172671167e-01
-3.5900714258e+00
-2.8794646953e-01
-8.7225901783e-01
-6.3062391607e-01
2.0436855906e-01
-1.2443632199e+00
-5.3599310510e-01
1.6719593625e+00
-4.3108471985e-01
1.3767036868e+00
1.0684484502e+00
-7.4837876030e-01
-8.6326501795e-01
4.4222931598e-01
2.7849226695e-01
1.0980126006e+00
1.1415796415e+00
-1.1374746879e+00
7.5205820451e-01
3.0966350806e-01
-1.5805483723e+00
-1.6377320407e+00
5.4379524872e-01
4.4542976201e-03
-1.3303323944e+00
-1.9378372263e+00
1.8965073399e-03
-1.2354441832e+00
-1.2454041512e+00
6.6424182757e-01
9.6009535510e-01
4.5405671779e-01
-3.2290933479e-02
-2.2782864837e+00
3.8883529649e-01
1.5457055342e+00
1.0016387833e+00
-8.5597994221e-01
-9.1674216855e-01
1.1853128936e+00
1.6988731080e+00
4.0326954690e-01
-3.5664150836e-01
2.3652888619e+00
4.0971221016e-01
2.8533256726e-01
-1.4811241400e+00
-5.6815851387e-01
8.7105364937e-01
-2.1048335685e+00
-7.4295885969e-01
-1.4310283250e+00
-1.5083787884e+00
-1.6436274295e+00
-2.1328196348e-01
-1.0444941968e+00
-3.3030670424e-01
-1.5325127230e+00
9.2292095641e-01
-5.7441455934e-01
-6.6393047121e-01
5.1897069845e-02
-6.4145851043e-01
2.4185517117e-02
1.0656288339e-01
6.9762551641e-01
-5.8348301996e-01
-3.2724300982e-01
4.8141794146e-01
4.1233703937e-01
-5.0079411936e-01
2.5513611635e-02
-8.6074419211e-01
1.0828618124e-02
-8.5276328599e-01
-9.3998057219e-01
-3.1123939247e+00
-1.2168165156e+00
-1.0633295860e+00
-1.4053631462e+00
-1.5599008244e+00
-1.1898928540e-01
-9.4076806845e-01
5.4825801582e-01
-8.3756517461e-01
-1.8618711765e+00
-7.9125364192e-01
-9.0478668896e-01
4.8903552322e-01
-2.3797833070e-01
-3.4968207001e-01
-1.2042367606e+00
9.1005851619e-01
-2.0917605435e+00
9.5627365051e-01
-7.5215874201e-01
1.3421281511e+00
-8.8254432133e-01
1.8620395869e+00
-3.1799196794e-01
8.0645006858e-01
-1.5654761098e+00
-6.8790464430e-01
-2.1757790548e+00
-3.6659694054e-01
-9.4652439281e-01
6.2062154024e-01
-2.1135502041e+00
-1.9705519948e+00
-5.5914606454e-01
2.3236038163e-01
-2.6718122515e-01
6.2106450805e-02
-1.3070825176e+00
-1.4712385650e+00
-1.5868756306e+00
-8.0154241263e-01
-6.7389737348e-01
5.3109415358e-01
-5.4369656934e-01
-1.5142365047e+00
-3.9234823913e-01
-6.6812096047e-01
7.0868128796e-01
-9.6076601849e-01
-2.5408068594e-01
-1.2388978693e-01
5.8887176058e-01
5.0862812059e-01
9.5561885238e-01
7.4577296100e-01
-1.4467326824e+00
-2.3026653856e-03
-9.1080070055e-01
-2.4181405799e+00
-1.4239909290e+00
5.9073357068e-01
-1.3236383285e+00
-2.4537374413e+00
-1.0135394151e+00
-1.0973546335e+00
4.8583184941e-01
-1.3951696073e-01
-5.2725419834e-01
3.4083956740e-02
-1.0218994169e+00
5.3930747474e-01
-1.5957775495e-02
1.0537153370e-01
-9.8809097096e-01
-2.0516081324e-02
-7.7757603249e-01
-9.6996529606e-01
-8.0382907890e-01
6.3056853947e-01
-4.6047135661e-02
-1.1211867579e+00
4.8606997239e-01
5.0083470684e-02
9.2520755947e-01
1.6261382245e+00
-8.9070863069e-02
-4.9657032367e-01
-1.3799770939e+00
-3.6948699019e-01
8.4151851537e-01
-9.3072846417e-01
-1.0192219955e+00
-3.3513683715e-02
-1.8071117188e+00
-1.6223716189e-01
7.0053460445e-02
-2.4017540027e-01
9.3339894926e-01
-1.1648230850e+00
1.1199161998e+00
-8.9406633455e-01
-1.7951709184e+00
-3.2593409739e-01
-5.0688153465e-01
5.0840760247e-01
3.3622352600e-01
6.1653645200e-01
1.7956318481e+00
-3.9100567240e-01
1.1018039920e+00
-9.7453542040e-01
3.6171009969e-01
-1.6992873858e+00
-1.0116403562e+00
-4.2900374208e-01
-1.0037220606e+00
1.5680613933e+00
-2.2133867503e+00
-1.3906752316e+00
-1.4435958735e+00
1.7370603112e-01
-1.1091291522e+00
-3.0835425081e-02
-1.0156286642e+00
-6.5146373343e-01
-7.2367653839e-01
2.2556924870e-01
-2.3090020021e-01
7.7860712947e-01
-4.8833565271e-01
-2.0799545304e+00
-2.8672694692e-01
-9.1489225935e-01
8.4227545558e-01
-2.6094977302e-02
-1.8938578100e+00
-1.0082092951e+00
1.7627184527e+00
1.7825522565e-01
-1.4231697678e+00
-3.8611134623e-01
-8.6031478547e-01
-2.5096300406e+00
-1.3516997017e+00
1.0796788932e+00
-6.3694135747e-01
-2.4188624392e-01
-2.0150149423e+00
-1.3869882249e+00
6.2777705507e-01
2.3825467914e-01
-1.6533257760e+00
2.7818390102e-01
-1.1614035760e+00
-1.2363305290e-01
-6.8542597081e-01
8.6589592389e-01
1.5135568565e+00
1.0278393136e-01
3.3748861404e-01
5.0614473766e-01
-2.1524778939e+00
-4.7859817580e-01
-7.9707592911e-01
-7.4594133183e-01
-1.2805037542e-01
-1.0306527451e+00
-8.9454402628e-02
-7.4642816167e-01
9.7765219288e-01
-1.2670540866e+00
-1.5765724684e+00
-8.0651092787e-02
-2.0404230455e+00
-1.4423950885e+00
-8.4762282085e-01
4.3617884769e-02
2.2339195965e-01
2.8257922617e-01
-2.6207858529e-01
-1.1101691890e+00
-7.5718869749e-01
-5.0732415387e-01
-2.4250442873e-01
4.3163103456e-01
-6.8424712859e-01
8.2823601571e-01
-3.4814091437e-01
-5.4083894203e-01
-6.4265444648e-01
-2.4009693889e-01
-1.3804766592e+00
-2.4394183714e-01
-1.6758863129e+00
2.3409728571e-01
-1.0295266902e+00
-9.1759876882e-01
-7.0424804042e-01
-5.4366412061e-02
1.0600997255e+00
3.7445011899e-01
7.1698484925e-01
-2.1219276503e+00
-1.2657755778e+00
-1.7480267206e+00
-2.4307082924e-01
-5.5513985584e-01
-1.8166740384e+00
-1.6244888473e+00
-1.5738553237e+00
8.4971089306e-02
-4.3771229669e-01
2.7348310958e-01
-1.8440327157e+00
-1.1198568852e+00
1.3525159657e+00
-3.4289067200e-01
1.6557154582e+00
-1.8822214284e+00
4.2663834212e-01
-1.1561497018e+00
-1.1710951883e+00
-1.9400575160e+00
1.3244149811e+00
-3.4935775998e-01
-1.1993448619e+00
-4.4443426842e-01
1.3333335073e+00
-2.1025947584e+00
6.0344045530e-02
-2.3205393978e+00
-2.2692514557e+00
-4.4763508602e-01
-1.9399569906e+00
-2.9941765258e+00
-1.0836365024e+00
-8.2867304012e-01
1.3654441888e+00
4.1598770063e-02
-9.2505401095e-01
-6.5861200364e-01
4.0726511587e-01
-9.1940646639e-02
-7.7983083407e-01
-7.0418125667e-01
-1.5008415919e+00
5.0615015345e-02
-1.7211771715e-01
-1.5513129866e-01
2.7503105601e-01
5.7017620338e-01
-4.7003045548e-01
7.5964605792e-01
-1.4082700335e+00
4.8362903095e-02
2.4641809453e-01
-2.5782205692e-01
-1.2269036454e+00
-5.4212625342e-01
-3.9371108228e+00
-1.1483304816e+00
3.4331325088e-01
-1.0677510513e+00
-2.7979134169e-01
2.2531959412e-01
7.3069232882e-01
6.8019760721e-01
-2.4603833637e-01
-1.9519627208e+00
-1.2905856055e+00
8.3497964593e-01
7.8375562859e-01
-3.4881608520e-02
1.9251465805e-02
8.5237837411e-01
6.0669158997e-01
1.0394571574e+00
-1.8129625236e-01
-6.2211252296e-01
6.6735686152e-02
-1.0238059544e+00
1.7179584440e-01
3.5169787554e-02
-3.5297815345e-02
-1.9284571313e+00
-1.4966009622e+00
-1.3041449218e+00
-2.4346030856e+00
-1.3038495246e+00
-1.4835482358e+00
-2.4556758598e+00
3.0168906222e-01
-2.0325771731e+00
7.2730211398e-02
-1.9261028746e-02
3.6270739824e-01
-5.1909086604e-01
4.9591185139e-01
1.7364815021e+00
-8.0788496774e-01
-6.1104466013e-01
1.1705699612e+00
-6.5370631727e-01
3.2747560311e-01
-5.8523413780e-01
-1.7316753009e+00
-3.9112091718e-01
7.6653589528e-01
2.5569727578e-01
-7.9198572763e-01
-2.1966535885e-01
-2.0372369385e+00
-2.5217357547e-01
-1.0467745535e+00
-2.5247261134e+00
-9.4563563419e-01
1.1602129395e+00
-8.3268756422e-01
6.9345813865e-05
-1.2089260508e+00
-1.7824453256e-01
-5.9736163134e-01
-2.5710286880e-01
1.4015319609e-01
5.1010067628e-01
8.4696442503e-01
3.5986599849e-01
-4.7146104075e-01
6.8674935654e-01
3.8124860399e-01
1.6416596125e-01
8.1140738585e-01
-6.5490161580e-01
-7.7387461393e-01
7.7182277796e-01
1.0500677419e+00
-3.5106140279e-01
-1.5392900342e+00
-1.9502166482e+00
-2.8593217174e+00
-6.3968798855e-01
-6.1733826767e-01
-1.3839699609e+00
-2.3267825740e+00
-1.2548270753e+00
-9.9306824538e-01
-1.3163579744e+00
4.7685700056e-01
-4.5368914787e-01
-6.3133482720e-01
-5.3618827408e-01
3.4884243523e-01
-1.9480730590e+00
1.0956223869e+00
-1.1218721620e+00
-1.0645256340e+00
-1.6523226717e+00
-1.1458218162e+00
5.6443367791e-02
-1.6371715183e-01
-8.6124115395e-01
-7.5152362135e-01
-9.3889584013e-01
-7.6828623046e-01
5.8880802079e-01
1.9509817268e-01
-3.7001975691e-01
-6.0201131333e-01
-1.4068318842e+00
-1.9291586281e+00
-1.2806051240e+00
-1.7029113996e+00
-2.0632276772e+00
-1.2356465646e+00
-1.1330166753e+00
-1.3460934916e+00
1.2432309179e-01
-2.3923814923e+00
-7.6173985988e-01
-5.7122196390e-01
-5.9519390412e-01
-5.7856786479e-01
-9.6370711233e-01
-7.2697920458e-01
8.1922212398e-01
-2.0715198060e+00
-5.2922764004e-02
-1.9404272111e+00
-9.1823135474e-01
-1.6449563364e+00
-2.4297086163e+00
4.4323899682e-01
-1.5420811214e+00
-5.7255690260e-01
-1.4438807848e+00
-9.5040778271e-03
-1.6608830915e+00
-1.3311530331e-01
-1.7385216204e+00
-8.0827749897e-01
1.0835138498e-01
-1.1130263750e+00
-7.7230010356e-01
-2.0868644202e+00
-1.5447586944e+00
8.9645524070e-01
-6.6296062344e-02
1.1017111097e-01
-3.5094377031e+00
5.1583052948e-04
-3.0575289943e-01
-3.1376307958e-01
-4.7229955057e-02
-1.0068027436e+00
-3.4544697284e+00
-5.8931963865e-01
1.3871485326e+00
4.7788912980e-01
-9.1280958959e-01
-9.9734909543e-01
-2.0890430335e+00
-1.5356579618e+00
9.2866378355e-01
-1.6438005640e+00
-9.7177110111e-01
-2.4459025776e+00
-5.1135829672e-01
-2.6389300770e-01
-7.8484609760e-01
-5.7569569437e-01
-1.5658207423e+00
-6.6458315230e-01
-6.9071595057e-01
-6.7903191587e-01
-1.1668704517e+00
-1.0794260448e+00
-7.1274096382e-01
2.1404061103e-01
-2.9209563868e-01
2.5128743444e-01
-1.9210413682e-01
-7.4416217670e-01
-1.7991185248e+00
-4.5277590032e-01
-3.7637585809e-01
-2.5577080476e+00
-2.8392143923e+00
6.8812540017e-01
-2.3284647683e+00
-3.1753000137e-01
-2.2540224482e+00
-1.9681465689e+00
-1.7397319911e+00
-3.3448187543e-01
