-1.0258427115e+00
2.7060950670e+00
-2.8821881473e+00
3.3447353725e-01
1.0022585123e-01
1.3725608319e+00
-3.2890320483e-01
3.0422870341e+00
1.6472298990e-01
-5.4110777144e-01
2.7458830295e-01
-1.5766965051e+00
-6.3680790531e-01
5.0470722611e-01
5.5271259996e-01
8.9649329350e-01
-3.8434183573e-01
4.7378349730e-01
8.8387592695e-02
5.3200410560e-01
1.9278496347e+00
1.3176933636e+00
-1.1931755841e+00
-1.1506461561e-01
3.1962128504e-01
-3.0493127384e-01
5.9342008559e-01
-5.6846996128e-01
-6.4439589368e-02
1.2700481808e-01
1.7172844378e+00
-3.2912511771e-01
-1.1124161392e-01
-1.4360726209e+00
5.1575098775e-01
-8.8151537894e-01
3.8616725759e-01
-4.1809472530e-01
1.3921028464e+00
5.9962200563e-01
-9.0956066142e-01
8.8957853363e-01
2.1753580674e-01
5.5744086151e-01
-9.6295557053e-01
-1.4504295560e+00
1.6457978614e+00
6.0094851392e-01
9.1007955434e-01
-1.6147483617e+00
7.1311841064e-01
1.4332159033e+00
-6.2102681178e-01
1.7819711037e-02
6.6687337125e-01
7.6087887627e-01
-6.8248363473e-01
-3.2049678271e-01
-4.7218722943e-02
-1.1029774138e-01
6.2775930349e-01
6.9795391683e-01
3.1294289018e-01
-5.7198965910e-01
-5.1527975564e-01
1.4032791986e+00
-1.3152574934e+00
3.1231137895e-01
9.6870481214e-01
1.2654021736e-01
-2.0879334840e-01
1.2456979649e+00
1.1199528992e+00
7.6926460763e-02
-1.9371033492e+00
-9.7123128146e-01
8.4283529883e-01
3.7399643623e-01
9.8345342973e-01
6.2007262832e-01
1.2162833963e+00
2.3815064122e+00
9.0432562953e-01
-7.2338275955e-01
5.7981538696e-01
-4.7595678686e-01
-2.9060809132e-02
5.9354379640e-01
9.3652584942e-01
-5.0527496572e-02
5.9016332353e-01
1.2976346484e+00
-1.2162620505e+00
6.1564397941e-01
-7.3658077665e-01
4.7123393805e-01
-9.7264479122e-01
-1.1393245855e+00
-1.3486259739e+00
-3.9426235817e-01
1.1897033817e+00
-1.4938558259e+00
-1.8302505083e+00
2.9332353886e-01
5.0365278962e-01
1.2950098874e-01
5.4115138450e-01
-2.9581606315e-01
2.9552594841e-01
4.4389879156e-01
2.3997123495e+00
-6.8140755224e-01
1.6882718240e+00
-3.0716159379e-02
-1.1325231514e-02
-9.9858088558e-01
-1.0492894637e+00
1.2868317916e+00
-1.0427838591e-01
-2.6149929368e-01
2.0947407308e-02
-1.2732296375e+00
6.2505518783e-02
2.0810260669e+00
1.0477525551e+00
-1.5000480894e+00
5.5263820448e-01
2.5413774905e-01
1.8793760833e+00
4.6071398484e-01
2.3983915482e-01
1.3503286459e+00
3.7433643891e-01
-3.5590610132e-01
5.7634295348e-01
-3.1455023912e-01
1.9481883623e-01
-3.9866398907e-01
4.1921256424e-01
1.1445354969e-01
5.7386690123e-01
-7.3356031182e-01
1.1498318610e-01
-1.6308614480e+00
-1.3339288452e+00
-5.0972465547e-02
-1.4652688796e-01
-9.9097922261e-01
-3.2319545116e-01
-1.2390147805e+00
1.4314505367e-02
2.5170754934e-01
2.1163283317e-01
-6.3118623293e-01
5.3891448193e-01
8.6906913982e-01
-1.5897386996e-01
1.0831746828e+00
6.2229559170e-02
1.2078619078e+00
-6.8243238399e-01
3.9195810744e-01
