4.6548295591e-01
-4.3409469305e-02
-6.1495063591e-01
1.7792390065e-01
-1.2805430710e+00
2.2078205746e+00
1.8115222203e-01
-3.6020991810e-01
-5.3332727974e-01
6.0649668763e-02
-1.0404941545e+00
4.6903323020e-01
4.3507754800e-01
9.6092244253e-01
-8.7096127631e-01
-5.2963148668e-01
1.2076470851e+00
-1.3451146024e-01
3.8832362938e-01
6.0562466498e-01
5.2292928248e-01
1.2541055889e+00
-1.2332596158e+00
3.8428765118e-01
-3.5605836080e-01
-1.7974876786e-01
-1.3047052373e-01
8.0291167246e-01
2.5577665236e-01
4.2289324900e-01
-3.2270312102e-01
-1.5161796660e+00
-1.8330022763e+00
1.2868557230e+00
-1.4734094033e+00
-7.0853501414e-02
1.6076906932e-01
7.5255191080e-01
4.2671773881e-01
9.6308932191e-01
-9.2589771246e-01
-3.8929034292e-01
-4.5159552418e-01
5.6777300748e-02
1.5690524385e+00
-5.3851850484e-01
2.0775702671e-01
-4.5017706247e-01
2.1725564672e-03
8.8589181168e-02
1.5134223014e+00
4.4478816835e-01
-6.2574601857e-01
4.6310723481e-01
-8.6610565497e-01
-1.6777824400e+00
5.5267681217e-01
-1.7561466366e+00
-1.0559835224e+00
-1.3818407948e+00
-7.7990631330e-01
1.5608426773e+00
2.1295695142e-01
-5.7759641444e-01
7.6939501568e-01
