-5.3674660384e-01
8.3021847759e-01
-1.9226862858e-01
-3.7200578222e-02
-5.0100630962e+00
2.5857655339e-01
1.8551494126e-01
-4.6275984934e+00
-4.9472878865e+00
-1.2818681554e-01
-1.8745281667e+00
2.9955871748e-01
-2.3716982153e-01
-4.1840184534e-01
-3.4277123309e-03
1.9670919287e-01
-3.8561240878e-01
-1.1198589839e+00
8.3341180503e-02
1.7007761445e-01
1.3193115643e+00
4.7968210164e-01
-2.7916294483e-01
-1.0321621268e+00
-3.7985588697e-01
8.4595575237e-02
-1.9430448962e-01
4.9727394741e-01
3.3825935453e-01
-1.3460253929e-01
-5.4647534729e-01
-3.0648031901e+00
-2.4880714741e+00
-7.6201642968e-01
4.1449283742e-02
1.2923506847e-02
6.9190810365e-01
-9.3413728552e-01
-3.1737412723e-01
-1.0966518264e-01
-4.8785737936e-01
-1.2957092163e-01
-2.3389907321e-01
-3.3031078364e-01
1.6438403886e-01
-4.8459488623e-01
3.0326631981e-01
-9.2470921722e-01
2.6938934642e-01
3.9145311726e-01
-5.9825532503e-01
-4.9912784968e+00
1.2699174320e-01
-8.6672341415e-02
2.3682006877e+00
9.6520734610e-01
6.6843789670e-01
1.8749645909e-01
1.3271730790e+00
7.2508835525e-03
3.1816060817e-01
2.7809758311e-01
-9.8376870395e-02
-2.4527626274e-04
-1.0948518105e+00
9.5787844107e-01
-3.1174537538e-01
6.2682994516e-01
9.6187592683e-01
-1.4291430678e-01
-3.5860426659e+00
3.3572752261e-01
9.2312960253e-02
-1.4377987747e-01
5.0868553383e+00
-3.7047946624e-01
-2.2807953920e-01
2.6519781181e-01
3.8065316910e-01
2.3864630630e-01
-1.2237212849e-01
3.1025016872e-02
4.9373860325e-01
-3.7903557516e+00
-1.1559648423e-01
-5.1436754788e-01
-1.4007907580e-01
4.8157104734e-01
6.3861668324e-01
3.1495629936e-01
1.2315388986e-01
2.3779104498e-01
-1.5510405464e+00
7.3048666763e-01
-5.6455166334e-01
1.0851608916e+00
1.6602105353e-01
-6.7770598482e-01
-5.2103146863e-01
-3.4077388367e-02
-4.8327178317e-03
2.5443574845e-01
-2.9466950176e-01
-4.6306617025e-01
-8.4939289938e-02
-7.3368988405e-01
7.7624581407e-02
-2.8658137231e-01
-4.8141653563e+00
6.6761643957e-01
4.0434611161e+00
3.3835860515e-01
3.8524756777e-02
-5.5147378422e-01
5.1480544490e+00
-1.7544087296e-01
-8.9005375792e-01
-4.1492449542e-01
-5.2052516866e-02
4.6528591964e-01
1.5846576866e+00
-5.9898720259e-01
-1.0171489204e+00
7.4458908462e-01
2.4318166365e-01
1.5490940205e+00
-2.8167740357e-01
-1.6736768582e+00
-3.5581200619e-01
-8.3843300454e-01
1.3637168696e+00
7.1939936409e-02
-3.1408961731e-01
-1.4901643958e+00
4.7506990433e-01
-5.2020889366e+00
7.0925733154e-01
1.1278382132e-01
1.4041764089e+00
2.1770886783e-01
-5.4741174423e-02
2.4146812449e-02
2.9542011739e-01
-6.8374381687e-01
-2.1868332899e-01
7.1034837663e-01
-4.6653058507e-01
-1.6467930386e-01
-5.7238717380e-01
8.0725153780e-02
-1.0559149623e+00
-1.0246314812e+00
-5.9166560415e-02
4.7149452358e+00
7.9185536980e-01
-2.6209215218e-01
7.4573101142e-01
-7.8290438054e-01
1.1186486210e+00
-1.7699595729e+00
-2.2354278124e-01
6.2941326229e-01
