8.8263495914e-01
4.5991423879e-01
1.2159828633e+00
1.7717946296e+00
9.7280854031e-01
1.8721340979e+00
1.1568711235e-01
-1.4206129815e-01
-8.7111971858e-01
8.3662672978e-01
1.4987588669e-01
-1.0457202232e+00
-8.9524458802e-01
-1.7087150393e-01
-3.7276405407e-01
-2.8496424755e+00
4.0761221485e-01
1.1282029479e-01
7.6061060148e-01
2.6644778011e+00
8.3678889250e-02
3.4497011544e-01
-8.2300413444e-01
3.2876437322e-01
-1.3665878300e+00
1.2662567763e+00
1.3780105352e-01
-1.1398967642e-01
3.3481618496e-01
2.4568817910e-01
4.4125728749e-01
6.0981613745e-01
-5.6315568538e-01
-4.7774176829e-01
-6.1310591989e-01
1.8956685876e+00
8.3522120504e-01
-1.5121946428e-01
-1.5223034006e+00
6.7177270380e-01
1.1532254053e+00
7.3221677970e-01
-4.5630468240e-01
-1.0310648596e-01
8.8489831386e-01
1.6923348593e+00
1.0005919593e+00
4.8261084764e-02
-8.3729847469e-01
4.3207755854e-01
3.9667759893e-01
-1.9365211077e-01
1.4142818462e+00
1.1820338033e+00
-8.9718882554e-01
-9.4595729413e-01
5.2986881130e-02
9.6624824992e-01
3.2760375329e+00
-2.3974839703e-01
-5.5661144931e-01
1.5235568836e-01
-2.1416942876e-02
3.7425962217e-01
-4.4058462564e-01
5.5634970625e-01
6.0133833598e-01
-4.4369684941e-01
9.5297616821e-01
-1.9082584687e+00
-8.0280021727e-02
-8.2563380903e-02
-1.4607663247e+00
2.3615620242e+00
-4.8153137829e-01
3.4506297532e+00
6.7445325707e-01
2.1317394605e-01
-5.9014526668e-01
8.3948366887e-01
-3.2330109823e-01
3.8891409984e-01
-6.8787554120e-02
9.2358040309e-01
3.7896691374e-01
-3.9209231497e-01
-7.0151158019e-01
-7.0162638703e-01
9.7646951407e-01
5.6418502245e-02
-8.5894842563e-01
1.1139842799e-01
-3.7205455086e-01
-7.7137495885e-01
-5.9999227773e-01
-2.3261230682e-01
-2.6707524559e+00
1.3645817690e+00
-1.3174822505e+00
-7.5964162205e-01
7.2067611217e-01
7.8134669724e-01
-1.2944557362e-01
-1.6458555961e-01
-1.0660157535e+00
-6.8524222326e-02
-7.0639556574e-01
-1.2193121719e-01
-5.8932664168e-01
7.6772862791e-01
1.8828133606e-01
-1.4239681829e-01
-8.6085620838e-01
2.1004044807e-01
-1.1322591506e-01
-2.3916031976e-01
-1.1400366182e+00
1.4508579637e-01
1.1307960424e+00
4.0370785876e-02
1.9593940603e-01
2.9687712944e-02
4.1101439850e-01
1.7809242294e-01
-1.1985616902e+00
1.2488401457e-01
-6.1740838203e-01
1.3840490336e+00
-8.5965421656e-01
-1.9084610227e+00
-4.1488293254e-01
3.3862020347e-01
-2.5850448047e-01
-3.8452006759e-01
-4.5754390170e-01
-4.5224494743e-01
-1.5770794871e+00
-1.0835755807e+00
-1.2696180678e-01
-7.4278252169e-01
4.6550089698e-01
-6.3286071379e-01
-3.9490000367e-01
-1.5891474964e+00
-1.7335804184e+00
-1.5744899254e-01
-2.3570981283e-01
9.2105197429e-01
5.4311932511e-01
1.9236529280e+00
-7.5225612050e-01
-1.4932261845e+00
2.8207297433e+00
-1.1352756700e+00
-3.1617563670e-01
-1.1698203102e-01
2.4105150796e-01
-1.9034618979e+00
5.5940007442e-01
7.5534101772e-01
-3.6480267489e-01
4.1833603197e-01
