1.2693623678e+00
-5.0358093460e-01
1.5858480291e+00
-2.5140174717e+00
2.7582768221e+00
-1.0747374981e+00
-1.7838550611e-01
-1.0066133292e-02
-6.0427361969e-01
8.3920101906e-01
7.4468343515e-01
9.6776382894e-01
4.5874220336e-02
-1.2168139320e+00
1.4994430031e+00
4.2032183913e-01
-1.0247970601e+00
1.1714341009e+00
-9.6485246655e-02
1.5045013413e+00
1.0037837698e+00
5.5491701630e-01
-9.2669062116e-01
-3.9551612497e-01
-1.3606172910e+00
1.0293559780e+00
1.4058298654e+00
-7.1856535423e-01
8.5000189243e-01
-3.6282930037e-01
4.4448260930e-01
2.2158585686e-01
8.7013506637e-01
-1.8181233730e-01
9.6020515859e-02
5.8731835874e-01
-6.6894723028e-01
9.7932053671e-01
-1.9101316947e+00
-1.2430471824e+00
-1.3921978267e+00
9.8102101977e-02
-7.5444025294e-01
3.7795542040e-02
2.5846777944e-01
6.8556078947e-01
6.3000933820e-01
1.0755233071e+00
-1.4910583196e+00
2.0329023253e+00
2.1393580862e+00
1.2911375809e+00
-4.6321666225e-01
2.1819005865e-02
1.0894917191e+00
-1.0092520076e+00
8.6925832095e-01
4.6248835862e-03
-1.3303500436e+00
-9.9077157434e-01
2.9828206482e+00
1.1268505485e-02
-1.5908241031e-01
-2.9709039092e-01
1.4743948374e+00
7.2650551142e-01
-1.9857457105e+00
-6.9988233947e-01
5.4340369407e-02
-3.0066998413e-01
5.9449379878e-01
1.0147909092e+00
-1.2344337939e+00
3.9771186639e-01
1.0013934357e+00
-1.0014401406e+00
-1.4505953267e+00
1.3794324130e+00
-3.9636884663e-02
-1.1711386487e+00
-4.8126165700e-01
5.1399681043e-01
-9.8199788552e-01
6.9602912961e-01
-1.1226407876e+00
-9.4179240834e-01
-7.8688997703e-01
-6.4988081843e-03
-6.3768912767e-01
-1.0752700766e+00
6.9340012900e-01
-1.6014581671e+00
-1.9917969772e-01
1.0787635126e+00
-9.9451132534e-01
1.5133077057e+00
1.1618543476e+00
9.9154440712e-01
-8.8916035673e-01
7.3867406600e-01
-1.3558380107e+00
7.5056627509e-01
9.7052340824e-01
-1.0633573403e+00
3.4163287262e-01
8.6886806440e-01
1.9700836732e+00
-1.5391315420e+00
-2.1505273803e+00
-5.3852335113e-01
1.9934276540e-01
8.1541330283e-01
4.0146409363e-02
1.8766168285e-01
-9.5671967016e-01
-3.1989101675e-01
-1.8778379303e-01
2.4936012795e+00
7.4732874170e-01
-3.8482307040e-01
2.1914529740e-01
7.5412566973e-01
-4.6363635945e-02
1.7077628141e+00
-9.6796907016e-01
-1.9440975625e+00
8.2964789334e-01
-9.3890261693e-01
-1.0741091300e+00
1.0763418306e+00
-3.1959013891e-01
-1.7940949872e+00
8.4079029336e-01
1.6633456313e+00
8.1406784794e-01
-4.5159770690e-03
-9.3020467052e-01
9.0946542829e-01
7.6620134642e-01
-1.9107344538e+00
6.2288587162e-01
5.6317936296e-01
8.1617866608e-01
4.1438093507e-01
1.1743081148e+00
-4.6692400332e-01
1.0363403651e+00
1.3774462534e+00
1.8499593608e+00
7.0037566514e-02
-1.9585448809e-01
-1.6949417413e+00
-1.2184262941e+00
-1.2441739841e+00
1.2783160053e+00
3.3767676350e-01
-1.0870556796e+00
8.2932450709e-01
-2.2635115569e+00
-3.4588109979e-02
4.3918445360e-01
-7.5498307637e-01
