-1.5280547004e+00
1.6438690267e-02
7.5552526008e-01
-1.3646163443e+00
-3.9662402733e-01
1.2869722265e+00
3.1606105941e-01
-2.3402930643e-01
3.5451649245e-01
2.3278446407e-02
9.2748463935e-01
-4.8123706792e-01
1.1133768730e+00
8.9471065581e-01
-8.8708832072e-02
1.3379508523e+00
3.7316499691e-01
-4.9020146183e-02
5.9226571259e-01
-4.0579835133e-01
2.4253560707e-01
8.5825208447e-01
-1.2596345873e-01
-6.3289998749e-02
-4.2326671571e-01
7.3908025022e-01
-2.6113483396e-01
1.4237806939e+00
-6.8864162223e-01
-1.3898742289e+00
-2.1246432355e-01
-2.2321344218e-01
1.1156515498e+00
1.6522161758e-01
-6.8172899449e-01
-6.3398861584e-01
-4.2270722629e-01
6.8137627337e-01
1.2840291120e+00
1.1165986258e+00
7.3796604887e-01
-8.8461664787e-01
-5.2764439988e-01
1.3622557103e+00
3.6846028628e-01
5.7001398914e-01
1.2277991608e+00
9.3974832788e-01
-1.0445032251e+00
-7.7952247591e-01
-2.3645544240e-01
8.4164906778e-01
2.0486866374e+00
-7.9143339393e-01
3.4682362251e-01
-1.1465028421e+00
1.5769241113e+00
3.9142059622e-01
1.4677212191e-01
-4.5162835203e-01
-5.1416283274e-01
-7.3923617985e-02
1.0408524969e+00
1.4341010670e-01
8.9690957290e-01
