1.5726147478e+00
-7.7270446407e-01
1.6025780191e-01
5.3967371735e-01
1.2103000659e+00
-5.1243964971e-01
3.2230349177e-01
-1.5761482306e-01
-1.1305870691e+00
1.8600283232e-01
7.0706891151e-01
6.3026758952e-01
-1.9177268635e+00
5.4730268202e-01
1.3778670337e+00
-2.9082278807e-01
-2.3488092486e+00
-1.1164927831e+00
6.2868283958e-01
-6.3532125829e-01
-2.8420433368e-01
-9.1548932988e-01
-1.7549818278e+00
1.2385150691e-01
-8.0002941681e-02
-1.1796704115e+00
7.8484296668e-02
-1.1924743380e+00
1.3313132805e+00
2.5954630437e+00
4.9837067024e-01
-1.9744595955e+00
-8.1185638930e-01
-7.0947488903e-01
-7.5549293892e-01
1.1747612900e+00
6.6454264728e-01
-1.8512682597e+00
4.4549800463e-01
-3.0153983426e-01
-7.0744653329e-01
5.2444369197e-01
5.6875568646e-01
1.7600771768e+00
-1.2510696740e+00
-7.4991632270e-01
-1.9673266331e+00
-1.7029798788e+00
5.7459232242e-01
-3.2718699656e-02
2.4145354601e+00
6.5973382260e-01
9.5333380499e-01
-9.3258606468e-02
-1.6989632620e+00
-8.4090540095e-01
3.6369400049e-01
1.2956359214e+00
4.5875893295e-01
4.9511218066e-01
-1.0181038329e+00
-5.9841560237e-02
-3.0230818236e-01
3.4557915158e-02
-1.2835169254e+00
-2.9828605232e-02
7.1305645026e-01
-5.2446454712e-01
1.2888596001e+00
-3.6353251120e-01
1.4952531171e+00
5.7981492261e-01
5.4908071473e-01
-1.7609561937e-01
-4.3299721861e-01
7.5454684656e-01
1.1768471450e+00
1.2654195184e+00
-7.0124248114e-01
-8.6886777187e-01
-1.4685060080e+00
-2.6296626304e-03
-3.4342099288e-01
-8.5574927395e-01
-5.5540215492e-01
7.6482611984e-01
-4.1322151041e-01
6.1219634736e-01
9.0219550560e-01
-8.0802420401e-01
4.2240207998e-01
-4.5886206089e-01
4.3070747211e-01
4.0620756698e-01
-1.1073075187e+00
8.7825818752e-01
-1.9167040486e-01
4.3369421048e-01
6.8061049504e-01
-3.8417987783e-01
6.2599820435e-01
-4.9402045518e-01
-6.9832240195e-01
7.1024663940e-01
-9.7052442622e-01
1.4345331371e+00
2.4285764247e-01
-1.2697350139e+00
1.9989668130e-01
5.8470114523e-01
6.4810009483e-01
-1.0941191016e+00
-1.5497948057e+00
-9.9789023921e-02
-4.8255742562e-01
-8.5198153705e-01
5.7359756140e-01
6.6126824560e-01
-3.2372750468e-01
1.3384396363e+00
6.3346697840e-01
6.3729567878e-01
2.1802801246e+00
4.7031445726e-01
-9.8748172753e-01
7.1673308769e-01
1.4848970341e+00
8.1381157009e-01
-6.2605997398e-01
4.8286088413e-01
1.9580321664e+00
-1.2367752824e+00
1.1235681808e+00
-1.4902440364e-01
-1.2777409598e+00
1.4371333352e+00
7.8931159025e-01
-1.4665465393e+00
-2.5333181501e+00
6.0309589773e-02
-5.7026663101e-01
-6.1063415769e-01
-6.1734772495e-01
8.5118052732e-01
-9.4476667378e-01
-1.0971784074e+00
2.9578617668e-01
5.8280369292e-01
-4.4365513076e-01
6.4617804769e-01
-7.3178575192e-02
-1.3755204244e+00
-6.5204662723e-01
-2.6856441848e-01
2.6847915905e-01
6.5050842471e-01
-3.9490625023e-02
-1.2002828053e-01
-2.3527564548e-01
8.4005926067e-01
1.3512773848e+00
-1.1828895151e+00
