4.9376832730e-01
1.4481159913e+00
-5.5804395215e-01
-6.4356453788e-01
1.6845966068e+00
-3.8852055299e-01
-1.6076480002e+00
2.0956218071e+00
-1.8399760066e+00
9.5020027870e-01
-8.5802631120e-01
1.3373067204e+00
-3.2717284652e-01
-9.4603163213e-01
5.2430287414e-01
8.6965585109e-01
1.0064673413e+00
9.4547725626e-01
1.8574291414e+00
2.6083744518e+00
4.9771910910e-03
8.0637412858e-01
7.6095593450e-01
6.3240122451e-01
9.8824964806e-01
1.2687760181e+00
1.2718311609e+00
2.9972031676e-02
7.1957745351e-01
-1.9485337880e-01
5.9148613612e-01
-1.6829044440e+00
1.5819169556e+00
1.4764550695e+00
1.3591619966e-01
-1.8198000048e+00
-7.2379789212e-01
1.3532861189e+00
2.1129019093e+00
7.8767373131e-01
-1.9739264859e-01
1.4099277633e+00
-8.9960430837e-02
4.3057275290e-01
1.4846862597e+00
7.4684468074e-01
1.4703459521e+00
5.8944614804e-01
-1.1251424182e+00
1.4434943342e+00
-1.5698121382e+00
1.0032380642e+00
1.1335992343e+00
6.6426699523e-01
1.5034425179e+00
1.3905762120e-02
-1.0903259183e+00
1.2420098789e+00
1.4542849957e+00
-1.5294435754e+00
-2.6102667169e-01
-1.4465108463e+00
-9.1549193910e-01
1.2564644039e+00
-1.0285972861e-01
6.2758777624e-01
-1.4702912381e+00
1.2409071889e+00
1.7594156588e+00
-4.8130049054e-01
1.1220381483e-02
-1.3654595150e-01
-6.8318866626e-01
1.4663643297e+00
1.0003993102e+00
-1.4838197418e+00
1.1053763756e+00
3.5450174013e-01
6.1398708180e-01
2.0612858418e+00
1.4013022071e+00
6.8526015507e-01
-1.0594872308e+00
1.3775322207e+00
1.4809710428e+00
2.1452737166e+00
-2.6192002765e+00
7.0105755586e-01
-9.7709855335e-01
2.2141359910e-01
5.3413322576e-01
6.1401229181e-01
-1.0328101304e+00
2.4072955121e-01
1.2093498772e+00
-1.0699013418e-01
-6.6447513119e-01
4.8022920358e-01
1.1076913576e+00
2.4107155704e+00
1.9285297139e+00
-8.0665858216e-01
9.1299023458e-01
-2.0099260533e+00
5.7015401196e-01
1.5844833667e+00
3.2901273554e-01
1.3773039226e-01
-1.2058998355e+00
-2.1714776284e+00
1.2509881909e+00
-7.3253341921e-01
-5.8559382685e-01
5.2318328585e-01
1.0969629087e+00
9.8662257995e-01
-3.3317357691e-01
5.4204440339e-01
8.7085234446e-01
5.1043526023e-01
2.4104222082e-01
4.6180847538e-01
2.3718022476e-02
-4.5235164812e-01
2.3511048526e-01
-4.1506796264e-01
-1.3604012269e+00
-3.0189365513e-01
-8.4483219963e-01
9.4238828943e-01
5.4145817475e-01
1.9412471892e+00
8.9757928894e-01
-1.5330279953e+00
1.5709986038e-01
1.1391041346e+00
1.3685934399e+00
1.2033492818e+00
2.3432566105e+00
1.7319156916e+00
1.7399453819e+00
-1.2290537814e+00
-3.0816635954e-01
-1.1190088976e+00
1.5472646106e+00
-1.4104628341e+00
-1.4583473834e+00
8.3654705199e-01
4.5091838700e-01
4.7708931365e-01
1.2446807713e+00
6.0790366207e-01
8.7124416927e-01
-4.3938180833e-01
-1.6246090795e-01
-1.4993889066e+00
-4.6034693265e-01
-4.1084781109e-01
-1.0274823801e+00
1.3236401436e+00
-7.3559688779e-01
-1.0455518868e+00
