6.2369814192e-01
-1.1717818561e+00
-2.5584257704e+00
-1.4844150613e+00
-7.6366411578e-01
-1.5532458871e+00
-4.8711576346e-01
2.2364593733e+00
-2.8076731034e+00
8.0846619203e-01
-3.4917564160e-01
9.3179672484e-02
-1.8020436877e+00
-1.0223735963e+00
-4.8260729369e-01
-1.1464824477e+00
4.2184466409e-01
7.4061431746e-01
-3.8661734622e-01
-4.5302420861e-01
4.4277509593e-01
3.4692097335e-01
-1.4412856345e-01
1.8343013271e+00
-3.7505872741e-01
6.0131397075e-01
-1.0048899228e+00
-5.1399659379e-01
-9.5350790092e-02
-1.5186299929e+00
4.0039011057e-01
6.3617818250e-02
2.1791734459e+00
9.6290912000e-02
6.3200376844e-01
1.3210064462e+00
-3.4614912467e-01
2.9484847381e-01
1.1765921654e+00
3.7133870615e-01
-1.6450795647e+00
1.9944286754e+00
4.2068656333e-01
-4.6899896545e-03
-6.1158831300e-02
-1.6958801609e+00
1.2618159523e-01
3.4811377808e-01
-1.5845555300e+00
1.3477170443e+00
-8.8684497541e-01
1.4329097797e+00
-7.1659245211e-01
5.7713705974e-02
4.0315547099e-01
8.7615240756e-01
2.8597030350e-01
-7.9409500301e-01
-1.0056007941e+00
-1.2145361289e-01
1.3914933403e+00
-2.7934945667e+00
6.2916030652e-02
-8.3694494210e-01
5.2966789996e-01
-1.2222384232e+00
1.4176009822e-01
-2.5233399941e+00
1.2677100743e+00
2.1270558208e-01
-9.7827906694e-01
4.2125346340e-01
-5.2597166937e-02
-1.6346747946e+00
-7.7620788764e-02
4.2632706663e-01
-1.1843842367e+00
1.3210440913e+00
-3.6449202538e+00
3.1198366645e+00
-1.5075009517e-01
7.1812351405e-01
-1.3539324093e+00
-7.2996201987e-01
2.6406929493e-01
9.7767675064e-01
1.5577995477e+00
9.1732350221e-01
-4.5298344341e-01
-9.6255371138e-01
5.1910396009e-01
3.0843225173e-01
-1.3560485099e+00
-6.3185336895e-02
-1.3605156207e+00
-1.2870681137e-02
-3.1578376201e-01
8.2841813121e-01
3.0307935636e-01
-6.9581366171e-01
-1.3756811001e-01
6.3426407658e-01
-5.6239114563e-01
-7.9613001400e-01
-6.5385145909e-01
2.1076608130e+00
1.2755827642e+00
-1.2950025122e+00
-9.3158840034e-01
-3.9344758138e-01
-5.1726808740e-01
-9.9100893724e-01
1.8251631552e-01
-1.1922593354e+00
-2.8039805647e+00
3.3349121354e-01
1.3795365277e+00
-3.7051583809e-01
3.9158792716e-01
3.2788707964e-01
-1.9345268621e-01
-1.4219797850e+00
-1.4058845802e+00
1.3994615317e-01
4.6497986597e-01
4.1026556911e-01
5.2797269091e-01
-2.5476977074e-01
4.9011869742e-01
-1.1138613218e+00
-1.9612837841e+00
-1.1788117364e+00
-2.3585345613e+00
-1.5442316492e+00
-6.3750081135e-01
-5.3543488111e-01
-2.9139836590e-01
1.8378547835e+00
5.8405944118e-01
-8.4891336157e-01
-1.1768193224e+00
1.0349827461e+00
2.1747257028e-01
-6.5127694739e-01
8.9914499878e-01
1.2034932820e+00
8.9558573403e-01
-3.1135070342e-01
-4.4531905402e-01
4.8717668328e-01
2.8256478447e-01
-4.2150962278e-01
9.9762455955e-01
1.1092756278e+00
2.1568045988e+00
9.4960299391e-01
1.0325478757e+00
1.2734911937e+00
-5.1225895319e-01
-1.5905284242e-01
4.5217897420e-01
5.6265848624e-03
-1.9356342609e+00
1.2580221202e+00
3.9540639813e-01
-5.2298210753e-01
-1.6317336617e+00
4.7762436819e-01
4.8388884246e-01
-7.1545612111e-03
-1.3666219315e+00
-7.6874388998e-01
-1.0784690665e+00
-2.4121199297e-01
-4.5348892611e-01
2.3536965324e-01
2.6027475271e-01
-1.2496488659e-01
-1.3686462327e+00
1.0044733981e+00
4.3424597439e-02
1.4425600655e+00
-6.8363258724e-01
3.2960397983e-01
-3.3744109822e-01
-6.0301367003e-01
-1.2572910678e-01
-3.0567659680e-01
-2.0115583776e-01
5.7072913301e-02
-6.1555569604e-01
1.0628559192e+00
-9.1036917049e-01
-7.9192307383e-02
2.5724418313e-01
-4.7691757315e-01
-1.1223222657e+00
-8.6698764472e-01
6.1625824647e-01
1.5086955516e+00
-2.4423952855e-01
-5.1960379334e-01
-7.5499353523e-01
-2.3876137689e-01
-4.3170107650e-01
-5.2005224112e-01
-2.0109654278e-02
-3.9681606596e-02
2.8559701074e-01
-1.0635610768e+00
9.7425177572e-01
-4.8769947009e-01
-1.5845845579e+00
2.0215875986e-02
1.8170809587e+00
-4.7847766406e-01
7.1395274738e-01
-1.2245615570e+00
-6.7877307962e-01
1.6243595704e+00
9.0380335467e-01
-8.5905936106e-01
-8.2887486831e-01
-3.3983393982e-01
-1.1673743360e+00
5.3297880128e-01
-1.8184204990e-01
2.4191236850e+00
-7.8118794457e-01
5.9550129236e-01
-2.9118697985e-01
9.0806289646e-01
6.3429652057e-02
1.2784112631e+00
5.3749851785e-01
2.5691379807e+00
-3.5953297130e-01
4.2801608293e-01
-7.4930449418e-01
-2.8664172838e-01
-1.3518585475e-01
-1.1583815553e+00
-1.0574789738e+00
9.1657746212e-01
-4.1052671614e-01
-2.4620642649e+00
-3.7893339790e-02
4.1626959209e-01
-5.3960934802e-01
-7.6871172699e-01
3.0973274132e-01
-2.6494811438e-01
2.4503184429e+00
-4.7223785525e-01
3.3838804814e-01
3.7062079787e-01
1.0914807778e+00
4.1390405091e-02
-5.6408012382e-01
4.8461493362e-01
3.5010213822e-01
-2.0429949348e-01
-8.1883661224e-01
1.2663681868e+00
-9.4500420994e-01
1.8351020142e-01
-2.4083470596e+00
-2.1106201950e+00
5.8202134543e-01
2.5375097322e-01
1.0063972174e-01
6.2935324410e-01
3.5729654426e-01
-5.2410653127e-01
-3.1891603540e-01
4.8674432914e-01
-8.2886977461e-01
-9.9362133972e-01
2.1499079714e+00
4.5466737564e-01
-8.9889055798e-01
9.2928563767e-01
-9.3675066271e-01
-1.2247658605e+00
-9.3102793243e-02
-4.9519383318e-01
2.4177523019e+00
2.0718668270e-01
-3.2567584408e-01
1.0792981391e-01
-4.7964289021e-01
4.5536312158e-01
9.8072473871e-01
-5.8255550427e-01
9.1030517271e-01
-1.8194555900e+00
2.0430478846e+00
1.1473765662e+00
5.3042774615e-01
2.5472852291e-01
2.2254997729e-01
-9.4658410141e-01
-6.2897266127e-01
-1.1800741044e+00
8.1235313430e-01
-7.4113660496e-01
8.1910749717e-01
-8.3014863110e-01
-1.9590065124e+00
-8.2838138519e-01
1.7170288214e+00
-3.1816927558e-01
-2.4909026950e-01
-1.9518723277e-01
-5.8942514537e-01
3.5041153996e-01
-4.2000159673e-01
-1.9444684650e+00
4.1022773442e-01
-1.4992678517e+00
1.4432690241e+00
3.0321437508e-01
8.3632317866e-02
-7.6375984862e-01
1.1702126722e+00
2.2277577553e+00
-6.0818360944e-01
-1.0714572797e+00
5.6589850631e-01
2.4349213343e-01
-6.6495788078e-01
1.6554932578e+00
-4.7049499238e-01
-8.8860122456e-02
2.4795569541e-01
-2.0649621632e+00
-6.9100075288e-01
-1.2519006105e+00
1.4138697317e+00
1.7174825016e+00
-2.0842147280e+00
-1.8074887214e+00
1.3651577271e+00
-1.0142070328e+00
1.3547423377e+00
6.4142446335e-01
-7.1306340593e-02
-1.4187219902e-01
8.9454200466e-02
4.1438101116e-01
6.8033412583e-01
-1.2066254406e+00
2.8924663490e-01
-5.7734988864e-01
-1.3884798675e+00
1.0389619835e-01
-6.0583125876e-01
3.7845915138e-02
2.3672937494e-02
7.1279960212e-02
-1.4864515627e-01
8.4782775108e-01
4.4715719772e-02
1.3433466728e+00
-6.5033061298e-02
-1.4840193424e+00
-4.2264859572e-01
-3.6580727576e-01
-5.4651598829e-01
-1.3450883514e-01
-1.2260662330e+00
7.9099354950e-01
-1.9841490354e+00
-5.2306688426e-01
4.0347179497e-01
1.2127125952e+00
3.3167227036e-01
1.3570388662e+00
1.1171931851e-01
-9.1905336147e-01
1.3470000595e-01
-5.0415026931e-01
-1.2276088377e+00
-1.0488869171e+00
1.5002589723e+00
1.1243808678e+00
1.1159049866e+00
2.2330934872e-01
-1.0547566351e+00
-6.0868489440e-01
7.3212894426e-01
-1.1664635341e+00
5.2810115527e-01
-1.8785780227e-01
1.0089640444e+00
3.5701596652e-01
1.7051254789e+00
-3.5349812819e-01
-2.7006630580e+00
-1.8208551627e+00
-1.3898112690e-01
-7.0405067530e-01
7.6404767040e-01
5.7883379662e-01
7.5874922803e-01
6.7220930883e-01
9.4305557760e-01
3.3607089429e-01
1.3165037486e+00
-6.1357684703e-01
2.5916909598e-01
5.4006713689e-02
-4.0225642895e-01
-7.8511752506e-01
-1.5884230287e-01
-4.3662921134e-02
-4.7669130026e-01
-1.8559294096e+00
1.2191633164e+00
6.5664520757e-01
-5.3046183865e-02
2.3682512255e-01
-6.8844410004e-02
6.9662995242e-01
3.5880474931e-02
-6.9863159507e-01
-5.2462750696e-01
-1.0865603792e+00
-8.7047860597e-01
7.0542362539e-01
1.5203165112e-01
8.7169155794e-01
4.2914922792e-01
1.0247669065e+00
1.3402476601e+00
1.3819980780e-01
1.5151836455e-01
1.4847954310e+00
7.6001707412e-01
-9.0126728960e-01
-6.2798326970e-01
7.0817864269e-01
1.7065116065e+00
-8.1178603252e-01
-1.4816711522e+00
6.0933572280e-01
-2.1682830963e+00
-1.7843484052e-01
-5.0760158394e-01
1.4510086018e+00
-1.1207981325e+00
-1.7445634782e-02
5.6438470853e-01
-6.5362580634e-01
4.5807705779e-01
-5.7842932098e-02
-1.0694017934e+00
8.6515047506e-01
1.0778666803e+00
-1.0019897296e+00
-7.4978054866e-01
-8.4062224928e-01
1.4123094629e+00
-1.0760758997e+00
-2.3373642283e-02
-4.5015735893e-01
8.1173161539e-01
8.1211354890e-01
-8.4099114205e-01
8.2802890512e-01
9.1908336947e-01
1.2179554735e+00
1.2633046065e+00
9.7083336632e-02
-9.1107963258e-02
1.1784722323e+00
-5.0916792385e-01
-3.6298680878e-01
-3.1466977896e-01
-3.1896662754e-01
2.3488462487e+00
-7.6906070455e-01
-5.2637029584e-01
-6.7035122585e-01
-1.6505195973e-01
-5.6986456708e-01
-9.8097342348e-01
6.4582531853e-01
2.8451431688e+00
-3.7853783769e-02
1.4296318307e-02
-1.4250995844e+00
-3.1876997046e-01
6.9991310921e-01
-7.7567863109e-01
1.0116812848e-01
1.8081941428e-01
1.5737295420e+00
-6.7923451771e-01
-1.2203723798e+00
1.1284868910e+00
-6.3688307258e-01
1.1920696386e+00
-1.1479655146e-01
-4.5511525624e-01
-1.8940965243e+00
7.2884623348e-01
-1.3881761219e+00
-1.7677951022e+00
7.4998829675e-01
-3.7931669173e-01
9.8162822261e-01
-1.9436722541e-01
2.7613896300e-01
1.9646467684e-01
2.2554371833e-02
8.1502700050e-01
6.6367319166e-01
5.6320676426e-01
-1.5919956985e+00
-1.4520522303e+00
-4.7118361340e-01
-3.6374063983e-01
9.0905253535e-01
-4.2532604594e-01
1.0499537779e+00
7.9561809366e-01
1.6841713330e+00
-1.0482700924e+00
-8.2269737966e-01
-2.8080616778e-01
2.4507191374e-01
-6.1685605612e-01
-4.1566702177e-01
3.9120200844e-01
4.7956168967e-01
-1.8551624295e-02
6.7572225730e-01
1.7262632467e+00
1.2229057122e-01
-4.5663170266e-01
-5.3398308487e-02
-2.3031653479e-02
8.8587355402e-01
5.6554305637e-02
6.5412876748e-01
5.4666784219e-01
3.0902235511e-01
-1.5312063204e+00
8.2326188051e-01
3.2041746157e-01
3.4819314247e-01
1.0413852373e+00
-4.2056347122e-01
2.7062941704e-02
3.1632891116e-01
3.6697041149e-01
4.2022499686e-01
-1.6235946551e+00
-1.6716966072e+00
-1.0668843202e+00
-2.8250647916e+00
-8.3635662647e-01
-4.6737750668e-01
-5.9471704931e-01
6.6377004088e-01
-4.6807506102e-01
7.8032678574e-01
-2.7628636424e-01
-5.3019849987e-01
3.9753665481e-01
1.8850246539e-01
2.5911947255e-01
1.0553433607e+00
4.1488824661e-01
3.8257488869e-02
6.2075088855e-01
-8.8477552205e-01
-1.0955821651e+00
8.7727969346e-01
-1.3392334405e+00
8.3687600557e-01
7.5228038276e-01
4.3595211638e-01
-5.8452643334e-02
-7.2611987552e-01
-5.0609224888e-01
2.2291472277e-02
-2.5266468214e-03
9.7576880135e-01
1.4374350426e-01
2.8919882329e-02
-2.9832904414e-01
9.6665800013e-01
-2.4688846878e-02
-1.4336966276e-01
2.5830390349e-01
2.1885130681e-01
-6.1634640305e-01
-3.9136169717e-01
1.3467027241e-01
2.7475345687e-01
7.4193905206e-01
-1.3586955818e+00
2.8044344918e-01
1.8153522610e-01
4.0629110371e-01
3.9152552552e-01
-2.4635959100e-01
5.6449847767e-01
3.8906412857e-01
7.2567541586e-01
-2.8532723090e-01
-1.8505178550e+00
-8.9857531407e-01
6.1681874687e-01
1.0778553155e+00
-3.6221178148e-02
8.2110356049e-01
1.0882185654e+00
2.1453917180e+00
-8.5721701649e-03
-3.6634986254e-01
-7.3125993438e-01
-1.4510378419e-01
1.6128032762e-01
-2.1492453032e+00
1.1934162037e+00
9.1979256386e-01
3.5321610216e-01
-3.8114288603e-01
-1.2833853204e+00
-1.5926829525e+00
-2.0022266387e+00
1.2222383408e-01
1.4700147098e+00
-4.5947877344e-01
2.5477396708e-01
-1.3210765929e+00
-8.5400486408e-01
1.2724134067e+00
-5.1665514558e-01
1.1629878466e+00
8.7298555996e-01
5.1609647552e-01
-1.6842695603e+00
-2.4348613098e-01
1.1073760256e+00
3.1742532033e-01
-1.4816606501e+00
-3.5180160884e-01
9.9364203184e-01
9.8125901059e-01
-1.1733930830e+00
-9.4362915486e-01
-6.1451039097e-01
-2.6337959195e-01
1.3693202509e+00
5.1326987093e-01
-7.6488633763e-01
-3.1315521718e-01
-1.6085833582e+00
-1.6576928724e-01
3.8369436629e-01
2.8225295240e-01
-4.6288880405e-01
-1.7459351812e+00
-1.8376864898e+00
-8.5924372770e-01
-6.1906936855e-01
4.4297338678e-01
-1.6952893005e+00
-2.7425385407e+00
2.1359461480e-01
-1.7064021711e-01
4.5610121197e-01
1.9925160325e-02
-1.1250053285e+00
1.0850881633e+00
3.0082174517e-01
-4.0336849839e-01
-1.5636297268e-01
9.1486441026e-01
6.6675795873e-01
2.2558881434e-01
-3.0026281655e-01
-1.6018533495e-01
4.4093669545e-01
-7.2953410041e-01
-1.4340393942e+00
-7.8779099531e-01
1.3786183527e+00
1.7941704161e+00
-8.0107156406e-01
-1.1534268237e+00
1.4995712810e+00
-3.4230265972e-01
-4.1680700842e-01
-6.6884996105e-01
-2.8188658692e-01
-1.5332463245e+00
-3.4872208892e-01
-8.0082109630e-01
8.8313889299e-01
1.8756507962e+00
1.8133020373e+00
-1.6483582480e+00
8.0588133335e-02
-2.1094716738e+00
7.8376561946e-01
-4.9031205820e-01
6.7414977724e-01
-1.1402417562e-01
-1.1517457832e+00
-1.7438310088e+00
-4.4536257971e-01
-1.2357224664e+00
5.4051191230e-01
-1.4326585965e+00
-2.6201214378e-01
9.8526673618e-01
-1.2354345478e+00
-3.1060214809e-01
-2.9021046057e-01
-1.8549346722e+00
-7.8459070639e-03
-1.6843100980e+00
-2.3932391887e+00
-2.6069560381e+00
-7.8534518145e-01
-8.2778281769e-01
-5.4254089393e-01
7.0199059661e-01
-8.5461871772e-01
-2.0236778179e+00
1.2622993389e+00
-4.8800866960e-01
-3.1155178671e-01
-1.4761061415e+00
-1.7027601190e+00
-1.0878105187e+00
-7.4402792914e-01
-1.5548857362e-01
3.7782457545e-01
1.6849722423e+00
-1.8414950625e-01
9.5059698270e-01
2.4263704188e+00
-1.1640679372e+00
-8.5347393333e-01
-1.4179316397e+00
-1.5378422761e-01
-3.6219956196e-01
-1.6636225390e+00
-1.2761515647e+00
6.8802641646e-02
-2.3464925255e+00
3.6846634456e-01
-9.5912182749e-01
9.8653760979e-01
1.5446526339e-01
-8.9351788626e-01
1.2581202539e-01
-9.6438026263e-01
-6.0434267992e-01
6.1653997364e-01
-3.0879513177e-01
4.1391557923e-01
-1.8341397812e-01
-2.1922001272e+00
-1.2619589718e+00
-4.8786095917e-01
9.7668646837e-01
-4.2905537832e-01
-1.7180652860e+00
7.8141717120e-02
3.8101866265e-01
1.2290468109e+00
-1.5594799429e+00
1.3982271027e+00
-3.7348922527e-02
-4.9936077951e-01
1.2002274691e+00
-3.4588586481e-01
