-3.8091505733e-01
-5.7247931178e-01
-8.5760155030e-01
-3.5255258669e+00
6.1988375642e-01
4.0492583429e+00
-8.8245561736e-02
1.1552506453e-01
1.4795337128e+00
-4.8034341751e-01
2.0385158061e-01
3.9866624679e-01
-1.8709438558e-01
2.3224905727e-01
5.3956881362e-01
-4.1562902797e-01
-1.5364617948e+00
-1.1184262161e+00
9.1696671520e-02
2.9574954660e-01
1.4842510796e+00
2.7356737164e-01
-3.3325040776e-01
-7.5793182268e-01
4.5260585226e-01
-5.6395432352e-01
3.3298514826e-01
-1.3519793658e+00
6.9269993318e-02
6.8003370572e-01
9.1694051525e-02
3.9543273971e-02
5.4244457149e-01
5.9364008878e-01
-4.3812632710e-01
2.7342194256e-01
3.3790826417e-01
-9.0005490871e-01
-4.5103901253e-01
-5.5642587600e-01
-7.3159531004e-01
-1.2568521555e-01
1.8572898499e+00
-3.8716989664e-01
2.1334324813e-01
5.5063225727e-01
2.8604892149e-01
1.6838947458e+00
-1.4150154169e+00
-4.4197957900e-01
-1.0055654592e+00
2.2944684892e-01
1.5724139442e+00
-2.5666541761e-01
7.3517547720e-01
-3.0069516042e-01
-1.0266072828e+00
-3.9533541160e-01
-1.9717427024e-01
-4.7087305706e-01
2.4797742489e-01
-3.2756281702e-01
2.1114983083e-01
4.0358566569e-01
-5.8867162377e-01
8.2346828138e-01
1.0912012886e+00
3.9402643665e+00
1.1192727405e-01
2.3677382933e-01
1.0605340501e-01
-5.4553387264e-01
5.1238993467e-01
2.0696412113e+00
1.8216761072e-01
-2.2805838053e-01
5.9465555916e-01
2.9906026261e-01
9.5432139472e-01
4.3465017408e-01
2.1404254947e-02
1.2871572038e+00
-8.8717125948e-01
2.3280641046e-01
3.4184226592e-01
-1.2521389558e+00
-2.5960694787e-01
-3.2061208154e-01
-2.2165661925e+00
-9.5658002052e-01
-2.9646640325e+00
2.7046450963e-01
3.3435744742e+00
-5.0778929672e-01
-4.6211654259e-01
3.9685047013e-01
-8.8120075066e-02
2.2469270127e-01
-2.6169838550e-01
6.8263331554e-01
-2.2721638129e+00
2.2046693749e-01
-9.2193046730e-01
1.1453252766e+00
-1.7609450832e-01
5.6342269386e-01
4.7668925722e-02
-8.0060617101e-01
-6.6485502564e-01
-1.8368573937e-01
-2.9977756335e-01
-9.7145563542e-01
3.8452966423e-01
-1.1261993787e+00
-3.0422524431e+00
2.9893251061e-01
3.1789435481e-01
7.3432485869e-01
-3.8759355201e-01
-1.4575950476e+00
9.8123657605e-01
-1.6413629364e-01
1.4681380064e-01
1.2163219565e+00
-1.3349587681e-01
8.3399692843e-02
6.3627360971e-01
3.8552976354e-01
-9.5514010594e-03
-4.7109816571e-01
-2.9234862758e-01
-3.7523972038e-01
2.4750596322e-01
9.3035023298e-01
8.5710180900e-01
-6.5538486176e-01
4.2238643396e-01
1.0881206994e+00
1.0824228340e+00
5.6842773064e-01
5.3550058410e-01
8.0960003050e-01
-4.8381091806e-01
-1.8847280660e-02
-6.9142376194e-01
-3.4169559692e+00
-3.4630569062e-03
-5.6331966907e-02
6.9104099393e-02
-2.9843413111e-01
-6.1259746777e-01
-9.5512444351e-01
1.1913528208e-01
-5.9690535865e-01
7.0419077733e-01
-1.4361303629e+00
-1.0990040327e+00
3.0501117689e-02
-3.1925975328e-01
-3.6311008621e-01
-1.5039086785e+00
9.3857351569e-01
