4.5825221047e-01
-9.5939115079e-01
-1.6566432676e+00
6.3635371949e-01
1.3546913629e+00
8.2758977952e-01
-1.8820863823e+00
-1.1366202411e+00
-7.6229060150e-01
8.4020971300e-01
1.0292058693e+00
1.1311611818e+00
-1.7402383518e+00
-1.4229391300e+00
-2.6187336197e+00
-1.0300027372e+00
9.7862134241e-02
1.1706665394e+00
-2.3730377978e-01
1.0010529707e+00
4.1396843510e-01
-7.6354535175e-01
9.4573501488e-01
-2.7051186745e+00
1.3070393455e+00
8.8606265869e-01
-2.2527420844e-01
-1.3680207791e+00
5.9875731658e-01
4.0971152106e-01
4.0377015766e-01
-3.0342832634e-01
7.0720416516e-01
4.2108519455e-01
-1.1787251878e+00
-2.5928650697e-01
8.8953263777e-01
1.1602179284e+00
1.0097824049e+00
7.0982443822e-01
3.9575237216e-01
9.9216739299e-01
-8.4104547090e-01
-2.2013034142e+00
-9.3056133231e-01
-8.2104719060e-01
7.2880175475e-02
-5.0144953023e-01
-1.6050217377e+00
6.3923424793e-01
7.7835034518e-01
-1.2873163765e+00
-1.7003759802e+00
3.5254832602e-01
-2.9772890868e+00
-1.1582519043e+00
-1.0241476853e+00
-2.0458217774e-01
-1.6096828507e+00
-1.7109168886e+00
-4.6132420298e-01
7.2189710932e-01
9.7294327211e-01
8.5745154695e-01
3.5526882659e-01
-3.7404443702e-01
1.5392413539e+00
6.8246093884e-01
2.8576616055e-01
4.9456709027e-02
-1.1839151397e+00
1.7658985320e-01
2.4287567054e-01
9.3178746723e-01
1.8318846798e+00
3.4128938499e-01
6.5510126854e-01
-3.5558106593e-01
9.8709768566e-01
1.7508779194e-01
-1.6089292366e+00
1.7943258459e+00
-1.0525416352e+00
1.5386765666e+00
-1.0630488741e-01
-2.5792106504e-03
1.3024453533e-01
1.0191874677e+00
8.7336004960e-01
9.8346861447e-01
1.8726335122e+00
3.3659574580e-01
6.7062790929e-01
-6.4914606267e-01
-4.3540375674e-01
-7.8049290187e-01
8.5950430384e-01
-1.0167230219e+00
-5.7312828584e-01
2.5731053316e-01
-1.4180907333e+00
8.4536029751e-01
-7.6939722308e-01
1.2300728662e+00
-1.5763908706e+00
2.7799033915e+00
3.6046294459e-01
6.1500463040e-01
-1.0011526437e-01
1.8259864366e-01
1.1276331443e+00
1.0309219982e+00
-7.4307874430e-01
-1.5527566566e+00
5.7761086521e-01
-6.0831270788e-01
-2.3034821188e+00
-1.7335194004e+00
-4.1335998384e-01
-3.0386784150e-01
6.3394230411e-01
7.1682198386e-01
-1.0624023549e+00
1.2076593525e+00
3.0202616185e+00
-1.0863763515e+00
7.2989539270e-02
1.3332790303e-01
-1.4537314399e+00
-1.4701019579e-01
1.4439027997e+00
-5.6263226812e-01
-2.1478258026e+00
-4.8544636344e-01
1.1570815336e+00
9.2456099677e-01
1.1469580303e+00
9.9402353905e-01
2.0260426184e+00
6.1157637312e-02
2.4077099342e-01
-1.4249303865e-01
5.2215818699e-01
1.4683821690e-01
-2.1180804678e+00
-2.3297613238e-01
8.8944027803e-01
2.1067121287e-01
-8.7489856152e-01
-1.3595651053e+00
3.5440104927e-01
-6.3315668935e-01
1.2257353591e+00
5.0989326569e-02
2.2180341031e-01
9.2452692661e-01
-9.8551686230e-01
-1.7402942137e+00
-5.8116565873e-02
-4.6508682631e-01
1.0492703364e+00
-8.6538550798e-01
