5.8793448316e-02
-6.8992340391e-01
-1.9132027779e+00
-1.1012524048e+00
1.6777457878e+00
-7.6612653268e-01
-1.5254186725e-01
-1.3247209329e+00
4.7518813625e-01
1.4780818021e+00
-1.2266290910e-01
8.4952660395e-02
-7.5625496078e-01
-1.9376726646e-01
1.7623485613e+00
7.5505689564e-01
-4.0301135424e-02
1.1590119950e+00
5.5974739566e-01
-7.0772966956e-02
-1.8257139864e+00
-1.2142852973e-01
1.6718892984e+00
8.5031382945e-01
-1.9238989623e+00
3.5806668515e-01
-9.1571078386e-01
-1.1980516089e+00
-3.7947577529e-01
2.4577173284e+00
1.0920679446e+00
-1.0834783272e+00
-2.6248770024e-01
1.1651230791e+00
3.6097342368e-01
1.2997440956e+00
1.4041681084e+00
2.0765660946e-01
1.5236623987e-01
-1.1911341368e+00
-6.4907687307e-01
-1.1059125605e+00
2.8426036747e-01
-3.7772634149e-01
2.3499024835e-01
1.9712694457e+00
-8.2036537773e-01
-3.1407725802e+00
3.2605217070e-01
1.0881699826e+00
-5.1431569636e-01
-1.5007298061e+00
2.1726910334e-01
7.3064827307e-01
-3.2193272273e-01
-6.4331716544e-01
3.7750282683e-02
-8.6751903598e-01
1.1186090989e+00
4.6186629676e-01
-1.3153634651e+00
9.3834609347e-02
-1.4683791813e+00
-5.1822337525e-01
6.7467126116e-01
