1.1965626930e+00
-1.2013580035e+00
2.7745059808e-01
3.1726892043e-01
8.7595134064e-01
-1.2530600451e+00
8.0176065793e-02
-9.6821808120e-01
6.8189385861e-01
-1.1364814928e+00
3.6873083262e-01
1.2540918089e+00
4.2637360555e-01
-3.3046101685e-01
3.1225090349e-02
-6.3787178193e-01
8.4157346656e-01
-2.9864633475e-01
4.5145140277e-02
-7.2034785700e-01
5.2324993694e-01
6.2966700629e-01
8.2938543302e-02
3.6351235204e-01
-1.3523151717e+00
-1.2400216195e+00
5.4862593763e-03
-1.0888367710e+00
-2.0639040381e+00
3.7805054256e-01
5.6874230252e-01
-1.7439399046e+00
5.4814964377e-01
5.8038190086e-01
-1.3245597126e+00
-2.1001212529e+00
-1.3156539474e+00
-6.6812456542e-01
1.2412019663e+00
-1.4833361032e+00
6.7560101782e-01
3.6891165967e-01
2.2394022664e-01
3.5084246571e-01
-1.1711831834e+00
-1.1928163198e+00
4.5945947098e-01
-4.3196090349e-01
1.2062529238e+00
1.0680300985e+00
8.6233150032e-01
4.0642326953e-01
-6.1266921766e-01
8.0488400792e-02
1.1428353466e+00
7.1728385392e-01
-1.0575442204e+00
-3.5708546909e-01
-5.6890159416e-01
4.2516002379e-01
-3.7904498218e-01
5.1918710248e-01
-4.1653815668e-01
-1.8685798036e-01
-8.7898664895e-01
