-3.2319959269e-01
-5.1738092625e-01
3.5182661976e-03
7.5554955693e-01
1.9013511930e-01
-1.0572045733e-01
-1.9902068946e+00
2.5160993550e-01
2.5562302363e-01
-1.0400178555e+00
4.3824479617e-01
1.0546061345e-01
4.8704883705e+00
2.7058572668e-01
-5.1721352694e+00
-1.3507405970e+00
7.7425122864e-01
-1.7439597146e-01
-4.7050007408e-01
-4.6442022766e-01
4.5334194894e-01
5.9366761709e-01
-6.9800186539e-01
4.4562113713e-01
-5.0505666950e-01
8.5818493577e-02
-3.6714982973e-01
-8.2108701871e-02
2.6469353701e-01
3.0505269681e-01
-8.7784371903e-02
5.8775656000e-01
2.2657219016e+00
4.3803851307e+00
-2.0915382810e-01
4.8133247564e-01
4.2171687452e-01
-1.6715132403e-01
4.6568668873e+00
1.0824702600e+00
1.0131139071e-01
-1.8587194007e-01
3.6203923225e-01
1.7507724130e-01
-3.4128459794e+00
-8.7385661522e-01
1.1011076770e+00
3.8625022914e-01
2.6721310390e-01
6.2996215050e-01
1.1100417411e+00
-6.4019008958e-02
-4.3328996429e-01
1.7733625976e+00
1.2580862611e+00
5.8870570929e-01
-1.7532892617e+00
9.8640081728e-01
3.0726506727e-01
4.3583757120e+00
6.2909748015e-01
2.8507665805e-01
-4.6861971306e+00
-1.4157175046e-01
4.6262896738e+00
-7.4450624944e-01
-1.2098814907e-01
2.4145084763e-01
-1.3621416102e+00
-8.3254815802e-01
-4.1396155203e+00
-3.9578229712e+00
-6.5875804894e-01
2.1372144477e+00
-4.2908335767e+00
5.3662710989e-01
4.3353979240e-01
-6.0138835803e-01
7.5320518899e-01
-1.1108645827e-01
6.5778272016e-01
-4.3599730058e+00
4.0898511653e-01
-1.6745828574e-01
-3.2662350408e-01
3.1595055652e-01
-4.3272571152e-01
8.4547057063e-02
7.4311679620e-02
9.3118068176e-01
-6.5548601718e-01
3.5119650441e-01
-6.9645336059e-01
-2.3744406362e-01
-6.8839641097e-02
3.5067926537e-02
-6.8485841476e-01
-3.3852014370e-01
-1.0498638768e+00
-1.0712412119e+00
-1.2245980414e-01
2.0242461717e-01
4.0059770763e-01
-2.9402674462e-01
-8.6166281714e-02
3.0538260295e-01
5.8657418796e-01
1.2523665933e+00
-4.4041048301e+00
-1.3847653247e-01
8.7762860010e-01
-2.5867978569e-01
3.5287312404e-01
5.4748691427e-01
4.3658271709e+00
-5.5153807843e-01
-1.5610762776e+00
-1.2261332889e-02
-8.1080964648e-01
-3.0335456832e-01
1.4221979669e+00
9.5697867036e-04
4.5858056693e+00
-3.7861984096e-01
-3.0602764729e-01
8.3066073965e-01
-6.4367939610e-01
-3.1728493480e-01
-1.2010187814e+00
-4.3557236490e-01
4.8464282261e+00
-1.2358998247e-01
1.0359149858e+00
-4.8793606494e-02
2.1283747249e-01
-5.4714717630e-01
-6.3394364653e-01
-1.2232908259e-01
-4.0532127110e-01
-1.9688280517e-01
2.6709897960e-01
-2.7605137775e-01
1.9084095215e+00
-1.2950971530e-01
1.1855426082e+00
4.3223044771e-02
2.5265372642e-01
-3.9910654529e-01
-1.2555168221e-01
4.4741587280e+00
-6.9385268951e-02
4.5182013255e-01
4.2108374167e-01
-4.3879232584e+00
2.9334230187e-02
-2.3994129402e-02
8.9779340371e-01
-4.6179898755e+00
-2.8814701002e-01
8.8249204388e-02
3.6089387471e-01
-1.5726452206e+00
