-5.5773436896e-02
-1.2494435970e-01
1.7594279586e+00
-2.1753277940e+00
-5.8690169005e-01
-1.0576414179e-01
1.5495657597e-01
-1.3213327443e+00
6.7180016069e-01
-1.4832674686e+00
-1.4226206946e+00
-1.3861348812e+00
-2.0672962449e+00
3.1860969071e-01
1.1655743087e+00
6.4335007721e-01
5.8674209244e-01
-1.3280655088e+00
-4.0896074973e-01
7.9745472443e-01
1.4895875195e-01
-3.7901158731e-01
6.7923581686e-01
1.5578225596e+00
-6.5909606818e-01
-6.7423530294e-01
1.6017142204e-02
4.6875849899e-02
3.1585114274e-01
2.2225763838e-01
-1.3945001245e+00
6.9029921823e-01
-1.0773845307e+00
1.0153764600e+00
-1.1162683312e+00
1.0100321016e+00
-8.1734750630e-01
2.6316877784e-01
-1.7855078956e+00
-8.4978501614e-01
3.3430139428e-01
-1.5740495256e+00
-7.7920728190e-01
-5.3066494014e-01
1.6892573395e+00
-4.6871744124e-02
4.9803865388e-01
2.5028494429e+00
-8.8037420401e-01
-6.4395080521e-02
2.8035436564e-01
-1.4229830286e+00
1.2628572071e+00
1.0917126353e+00
6.0545497202e-01
-5.7353537404e-01
-4.4642298613e-01
-1.0902352084e+00
1.4958175362e+00
-5.8095618113e-01
-6.4616991449e-02
-8.6189063854e-01
2.1666393232e-01
7.2267393240e-01
3.6461325216e-01
1.3348117832e+00
-1.2830902222e+00
-1.3205994015e+00
-7.2892408705e-01
-6.0270562059e-01
-8.7850125864e-01
-4.8222283612e-01
5.1909454810e-01
-6.5325377830e-01
1.2537067083e+00
-2.6385121027e-02
7.4756600649e-01
-1.0300972636e+00
-1.6617727799e-01
2.0238102127e-02
-1.1550734661e+00
-4.6823018452e-01
2.6005932303e-01
-3.8317551720e-01
9.1723089176e-01
8.3533606006e-01
-5.6096485497e-01
8.6276835464e-01
-1.2215529251e+00
5.5505196930e-01
2.9743194087e-01
-1.0671815281e+00
-2.6949530975e-01
-1.1232185600e-01
-1.1260341315e+00
-1.5371367636e+00
5.9937576961e-01
-1.0594520412e-01
1.2951889884e+00
-1.0481192542e+00
-1.8985108873e+00
-1.7640886696e+00
2.2281436530e+00
-1.2088300827e+00
-1.7841507160e+00
2.9508193671e-01
-1.1757470465e+00
8.7324741286e-01
-4.9211953750e-02
1.2589307613e+00
-1.1727112532e-01
-1.0108111299e+00
2.3371552244e-01
-3.4346323130e-01
-5.8008319325e-01
-9.5659073286e-01
1.2352071899e+00
2.5325651894e+00
-1.5913482373e+00
1.2127790171e+00
-1.0724409996e+00
-1.1800681947e+00
-3.9214241635e-01
6.1774344587e-01
3.5937921900e-01
-1.1026194206e+00
2.0250599018e-01
1.0656565291e+00
1.2941374162e+00
-5.3845173533e-01
-1.7878412536e+00
-2.5520346199e+00
-5.8168758328e-01
8.0382176168e-01
-2.0835037396e-01
-1.2860920538e+00
-1.4020458736e-01
-3.2768834476e-01
2.9291321769e+00
-5.9109322716e-02
-1.9315300282e+00
1.4798511868e-03
-9.6987995480e-01
2.1835511204e+00
8.2612735377e-02
-2.0521562497e+00
5.6936883839e-01
-4.9788906079e-01
1.1136925003e+00
6.6855762437e-02
-1.0703282297e+00
9.0221112048e-02
-9.8243452521e-01
9.8187326429e-01
-1.0611385407e+00
-7.7271981436e-01
-1.8636410771e-01
2.0484879800e+00
1.5929937158e+00
8.5438242230e-01
-5.1367779473e-02
-1.6310866192e+00
-7.2989386235e-01
-6.0386220109e-01
8.8547193374e-02
-1.6069717810e+00
-5.3541041445e-01
-1.1279977466e+00
-7.5767355106e-01
-1.8589980921e+00
4.0312208227e-01
1.0624119954e+00
-2.7139681123e-01
-9.5466460771e-02
-1.9093658380e-01
6.6743381104e-01
6.8287165618e-02
-2.8952910564e-02
-2.2322519422e+00
1.8868434592e+00
4.1661092540e-01
1.3113732573e-02
1.5222952820e-01
-1.2747177308e-01
3.3928562785e-01
-1.7065391851e+00
-1.7110745898e-01
-1.3705298659e-01
1.2934390708e-01
-4.3273096647e-01
1.1901594756e+00
1.1243107121e+00
2.6333424101e-01
-3.7300793244e-01
2.1416979894e-01
7.7578840229e-01
2.5257921173e-02
-1.6886471485e-01
6.9191464238e-01
-6.1878473006e-01
9.3356664868e-01
-8.5923699422e-01
-7.5985399212e-01
-2.2355308630e+00
2.3700697633e+00
-5.5791440154e-01
-1.5403432671e+00
3.2676629133e-01
1.1300194295e+00
1.3694889714e+00
1.4299994637e+00
-1.6276941489e-01
-2.1864246905e-01
-9.3472754552e-01
-4.7855682807e-01
-3.0399782750e-01
1.0867457793e+00
2.1810065099e+00
7.3840120922e-01
8.3773289201e-02
1.0356972532e+00
-1.3537542020e+00
6.2841154880e-01
-8.2380839906e-01
-1.4753686454e+00
-1.2197563068e+00
7.9548014384e-01
2.5702052592e-01
-1.2164339417e+00
-1.2524367901e+00
2.3838775792e-01
4.6751292134e-01
-1.7082775295e-01
-8.8457549966e-01
-1.4185375030e-02
-1.2864357770e+00
-1.5908739378e+00
1.6647897980e+00
-4.5833002920e-01
1.8502030466e-01
-3.3998628117e-01
5.0508527783e-01
-2.6990430466e-01
1.4505264320e+00
6.9728602868e-01
7.2922198808e-01
-2.5436781173e+00
1.9489389110e-01
5.7489898222e-01
8.5695424146e-02
7.5068740008e-01
5.4125068395e-01
3.5277780625e-01
-3.4111342295e-01
1.4111406988e-01
-6.0182300872e-01
2.4150360267e-01
8.1284779269e-02
-7.9166929739e-01
-9.1140641330e-01
8.7813581679e-01
1.3096333206e+00
-1.7603977350e-01
-1.0423726399e+00
-5.3722093057e-01
-6.0179018152e-01
2.9067197912e-01
-3.3153256997e-01
-6.1109577363e-01
-1.6118326985e+00
1.7831595126e-01
-2.6087911048e-01
-4.9780339945e-01
-1.1317004368e+00
-1.3536249202e+00
-1.0801760250e+00
-8.9291063669e-01
-6.2680160784e-01
4.0130803501e-01
-2.0499395696e-01
-2.0398547552e+00
-3.5242830219e-01
-1.0140693052e+00
-6.6422743063e-01
-1.6446419437e+00
-8.9646395542e-01
-1.0651452223e+00
1.2064940432e+00
-5.9253581753e-01
1.8256356024e+00
2.0442704347e+00
1.0903296894e+00
-8.3933774956e-01
-8.7854315550e-01
-3.6410154613e-01
-6.3533108914e-02
8.8755711389e-02
-1.1800420926e-01
-7.2285577270e-01
3.3729823442e-02
2.5029934211e-01
-5.2521672373e-01
5.3258027523e-01
4.0509879739e-01
1.4707658878e-01
8.0319251740e-01
1.3892511415e+00
6.7617226083e-01
3.3107075845e-01
4.7507396828e-01
3.1234773883e-01
1.6897471433e-01
-2.4346294272e-01
-2.4368178796e-01
-1.6583379270e+00
-9.7775857513e-01
-1.2499417558e+00
4.4591862360e-01
6.1209405653e-01
8.3662717780e-01
-6.0016115702e-02
2.4117231052e+00
-3.5225979858e-01
-5.0284556061e-01
1.7547442218e-02
-6.3185499093e-01
5.0018945455e-01
1.1519641248e-01
2.2368104998e-01
4.8679668425e-01
2.3571009191e-01
-9.1975578799e-02
1.3351164764e-01
-3.9006182089e-01
-1.2750067334e+00
5.1155068075e-01
3.3018679694e-01
1.3130505319e+00
1.2773162692e+00
-1.0282620722e+00
1.8856364670e+00
-1.2300339483e+00
-6.7861987245e-01
1.1260757625e+00
1.0976825181e-01
-5.8015953906e-02
-1.0960858969e+00
-3.9333128706e-01
-3.0062659165e-01
-1.5362586690e+00
-8.1022199466e-01
-7.1586845140e-01
8.4019396487e-01
-9.5890249437e-01
3.0198272774e-01
1.1474753964e-01
1.1234806148e-01
9.3263789576e-01
-8.6553700132e-01
-5.9515103393e-01
5.4922862867e-01
5.7739701512e-01
-7.0361774623e-01
-3.1463142755e-01
1.1875822466e+00
-2.0215917909e-02
5.2644776689e-01
5.3192760135e-01
6.5304928808e-01
-9.0389170711e-01
-5.5331454521e-02
1.1244207732e-01
7.5203800557e-01
1.6793875642e+00
-3.7713161959e-01
1.2986995589e-01
2.8463211496e-01
9.5132393033e-02
1.7853131250e+00
-7.7936659080e-01
-6.9485572671e-01
1.3376849478e+00
7.9365522788e-01
1.5510083192e+00
9.2241591885e-02
-1.4994516440e+00
-2.3113059738e-01
-7.1667739192e-01
-1.5303639351e-02
1.7290366510e-01
7.1199846123e-01
-1.7616324669e+00
-3.6218135131e-01
7.8792864802e-01
7.7083125222e-01
-6.2734740945e-01
-1.7190520089e+00
5.5891492069e-01
7.5884995361e-01
-1.4027674072e+00
-4.7263941705e-01
-5.0581269966e-01
1.6764761517e-01
2.4446221367e-01
1.7706478836e-02
9.8372093028e-01
-7.9640163672e-01
9.6626458046e-01
-1.3361901893e-01
-7.4885958072e-01
1.9106680604e-01
-3.9461836807e-01
-5.4335391100e-01
-8.2422314585e-01
-1.0359157248e+00
-8.2212254385e-01
-3.5412164294e-01
-1.1618110196e+00
7.5287916859e-01
3.3248253537e-01
8.2726626707e-01
-1.4147513842e+00
1.0758789131e+00
-7.5514487642e-01
7.4392189025e-01
-4.6950137152e-02
2.4613081000e+00
-8.3191255834e-01
2.0534565431e+00
-2.6652076512e-01
1.6184823269e-01
-1.7872842181e+00
3.9646698959e-01
-9.8700674139e-01
1.3002792788e+00
8.7639273478e-01
-4.4455961531e-01
3.4523540994e-01
4.7935878009e-01
-6.2164280609e-01
9.5833524725e-01
-5.8331771351e-01
2.1071828775e+00
1.0729105325e+00
-4.4769723382e-01
-1.5486259479e+00
4.5955215757e-01
6.4280317929e-01
-3.9700899826e-01
7.1068061041e-01
2.7004437776e-01
1.7484038098e+00
-1.0130698557e+00
-3.4017192105e-01
1.3880376083e-01
1.1571077776e-01
-1.0623956782e+00
-6.7565593813e-01
2.3540632055e-01
-4.3612468657e-01
-9.8698457237e-01
2.2666377183e-02
-1.5955143379e+00
7.9007748095e-01
-1.4068210636e+00
1.6172526455e+00
2.7204131663e-01
-6.6719920524e-01
2.9269087087e-01
-6.4968298291e-01
-7.0150051492e-01
-2.3660646823e-01
5.2770554035e-01
-2.8505102815e-01
-1.1681415680e+00
8.9325838999e-01
-1.3000222723e+00
-1.4646427863e+00
-1.2346882497e+00
2.2897393801e-01
3.0240339339e-01
2.8146312862e-01
8.5017034067e-02
-4.3067553654e-01
-4.3313856314e-01
-6.4290375600e-01
1.7114386140e-01
-9.3282696405e-01
-7.1078123374e-01
3.1000345826e-01
1.0386072021e+00
2.0735740602e+00
1.4478927557e+00
-1.2139847227e+00
-5.6428497129e-01
-1.9848261599e+00
7.8664976226e-01
7.3312929733e-01
-4.4645404987e-01
-1.2201247051e-01
8.0611650366e-01
3.1654040611e-01
-4.8975013757e-01
-1.2327332084e-01
-2.6305295912e-01
-1.7177989941e-01
-9.8671710792e-01
1.5876244069e+00
-1.5438724721e+00
7.4123892424e-01
-2.2462790478e+00
2.2945575557e-01
-2.1903918377e-01
-9.1696202321e-01
-1.0741920710e+00
1.6049431011e+00
-1.3764937939e-01
2.2119534470e+00
-5.4766985754e-01
9.7547355559e-01
1.4963191931e-01
-1.5937703074e+00
-5.0380640361e-01
9.7027505078e-01
1.1155770346e-01
-5.2545854177e-01
-1.1136506005e+00
6.5686989286e-01
-8.4899784673e-01
-3.7521782987e-01
3.0932200114e-01
1.4854722151e+00
-2.0447492480e+00
-1.8052328603e+00
-9.9524654689e-01
-7.5465966393e-01
-3.1985050479e-01
6.9756224441e-01
-8.5376494237e-03
6.0692409598e-02
3.4885004611e-01
1.3489636550e+00
1.1607770813e+00
-1.5848963111e+00
-1.5325244250e+00
-4.3489891938e-01
-3.9260196073e-01
1.5078112319e+00
-7.3781389939e-01
-6.1647250964e-01
-4.3257669781e-01
2.0925753887e+00
2.2045909948e-01
-2.3489676090e+00
-9.2447212015e-01
-1.4806600273e-01
-3.8220677328e-01
1.2696903620e+00
1.8819089468e+00
-1.1572923254e-01
3.8530327869e-01
-1.0777742271e-01
-1.4513738553e-03
1.0148027731e-01
-1.6226093871e-04
-5.5289203336e-01
-4.9550727722e-01
8.1304492212e-01
8.9310918718e-01
-6.9555200331e-01
1.6297255225e+00
1.7124169005e+00
-2.3254041105e+00
-7.6775954808e-01
8.2019407980e-01
-6.4360027767e-01
4.4813725751e-01
-9.3956466221e-01
3.4750029510e-01
-8.9390414953e-02
-2.2593352733e+00
-3.7068334429e-01
6.2140003757e-01
7.5216989105e-01
1.3764193846e+00
1.3398241572e+00
-8.4260908180e-01
2.1496474992e-01
-1.1544652609e+00
-4.2052129394e-01
2.7182353334e+00
-8.4778659564e-02
-9.7262582956e-01
-6.5515875986e-01
3.4683556455e-02
7.0380803437e-01
-1.6204853495e+00
-5.8637482928e-01
2.5352754818e-01
2.1647450906e-02
2.3209435491e-01
2.2242587092e+00
1.9925460866e+00
-9.1253822979e-01
-3.5343735156e-01
-6.6463478328e-01
-1.3119070303e+00
5.2841392149e-01
-4.6108322141e-02
-5.3913871885e-01
2.2177074159e-02
-6.3144041151e-01
1.9763436052e+00
-5.3230703666e-01
8.1311031109e-01
3.2665188043e-01
1.2771825759e+00
1.0152310265e+00
-1.9150692068e-01
-4.3400503120e-01
4.2357375400e-01
-4.4141546131e-01
-1.2804645114e+00
-1.5728672220e-01
-1.8190311769e+00
7.1283891423e-01
-2.1966454845e-02
-1.3288609864e+00
1.0779243197e-01
4.6120743282e-01
-9.6101829454e-01
5.8732730820e-01
1.6309734439e-01
6.7625758268e-01
-2.2561386923e+00
-2.3528211501e-01
-2.4644644548e-01
-5.2625956424e-01
-1.0358052811e-01
-9.8611721486e-01
8.0406139640e-01
-1.3082085333e+00
1.3104178618e+00
-1.1283818115e-01
-1.0169764334e+00
-7.8626843050e-01
3.3249315999e-01
-8.2729583090e-02
2.7672050766e-01
6.6969112176e-01
-1.3758523919e+00
-1.3411601991e+00
-1.5527786081e+00
-4.4550133688e-01
-1.4178519566e+00
8.8480232204e-01
7.3615620803e-01
-2.0003428250e-01
3.3696973418e-01
8.9313666828e-01
-1.3449196783e+00
-3.3991666657e-01
-6.9000525343e-01
-9.4941302786e-01
-1.8685898028e-01
-1.3831525585e+00
-1.2342565687e+00
-2.4810953832e-01
3.3666891292e-01
-4.4632211877e-01
2.2616886340e+00
-5.6767178140e-01
8.0435036885e-01
-7.1069878535e-01
1.4252551227e-01
2.4721840963e-01
4.1692650009e-01
4.7350063783e-01
3.8572410824e-01
6.3486873142e-01
-8.1142505334e-01
8.3367926455e-01
7.0141931758e-01
-2.0178052992e-01
1.6305391952e+00
3.3310337119e-01
2.0158485086e+00
-1.2787970883e+00
2.3080159961e+00
-9.4634195972e-01
5.6340188514e-02
7.3327223370e-01
-2.7231374002e-01
1.0637756745e+00
-8.0667766396e-01
-3.9114352692e-01
-2.5231363820e-01
1.0113488049e+00
1.0013502188e+00
1.5294056464e+00
-5.9492327795e-01
-9.6508731871e-01
1.8116169870e-01
1.8353558696e-01
-5.2662412950e-01
-6.8875465802e-01
-1.3457656128e-01
6.7100648951e-01
-1.1007698968e+00
-1.6967114276e+00
4.0335027308e-01
-1.0149349519e+00
3.3885135499e-02
1.2252824997e+00
8.2582558995e-01
2.3051588091e+00
-3.4527078798e-01
-1.0679574195e+00
-5.1497099825e-01
-2.1185692352e-01
-1.1384851120e+00
1.8843431221e+00
-1.5428685349e+00
-6.3637364739e-01
-7.9621961730e-01
-1.2675262657e+00
1.1636080330e+00
-4.4707488837e-01
-3.4853232855e-01
-1.9451906287e-01
-2.1684928943e-01
2.4902124448e-01
-4.1139790250e-02
-1.7477410970e+00
-9.5317155979e-01
-1.7835533366e+00
-8.3406829821e-02
-2.5203238386e-01
-5.0556330108e-01
2.7474522077e-01
-3.8265840410e-01
2.4168880029e-01
1.1521322143e+00
1.1810300379e+00
-4.8636054206e-03
-4.5260658865e-01
5.5290354840e-01
1.6632726412e+00
-3.6597124629e-01
-2.1680745339e+00
5.3042728439e-02
-6.3997312930e-01
1.8975954998e+00
8.8325183057e-01
-2.8742436925e-01
6.8432671275e-01
-1.3111307399e+00
7.1645667069e-01
8.2272602536e-01
9.6548217519e-01
-2.3020812856e+00
4.7794034617e-01
-1.5304693311e+00
-3.5843388565e-01
-2.1451873967e+00
-1.5383523323e+00
6.9376443172e-03
9.2750144164e-01
4.0494079911e-01
3.9477312110e-01
-1.1653260363e+00
6.2333152371e-01
-1.2965919549e+00
-6.9476209718e-01
1.5630626956e-01
2.8224470909e-01
8.7339263411e-01
-1.2760410497e+00
1.1234158427e+00
-1.8808064740e+00
3.4141867751e-01
-1.4875861229e-02
1.4048178357e-01
-2.6521123168e-01
