-7.4005802013e-01
1.9278321438e-01
-3.0910680894e+00
1.0764495942e+00
-9.2214082597e-02
-2.2508312054e-01
-4.3903775759e-01
-6.7703357636e-01
-8.7486444158e-01
1.4933111621e+00
-9.2388737154e-01
7.2526907696e-01
1.8062222045e+00
1.1841720319e+00
-9.5157736790e-01
1.0219986232e+00
8.0327985481e-01
-1.8956441113e-01
8.9689268417e-01
1.4919447557e+00
2.4319214266e+00
7.2572732696e-01
-1.4355099789e+00
-1.0747161828e+00
-1.1493692375e+00
1.6826291511e-01
-7.1731452571e-01
1.3727661035e-01
-2.1533167153e-01
1.3613140113e+00
-3.1416633002e-01
-1.3587131537e-01
5.1892844922e-01
-4.6881696150e-01
-1.3060210030e+00
1.2421811555e+00
-9.7714175634e-02
-1.5038436806e+00
-6.1903061419e-01
-5.1551115096e-01
-9.0788649213e-01
1.6523868911e+00
-4.5716710045e-01
-1.9201375203e+00
-5.3760317214e-01
-9.7990521361e-02
-7.7023582946e-01
1.2778762355e-01
1.9787207927e-01
1.5630307970e+00
1.1966189723e+00
-1.5177502994e-01
2.1889968690e+00
-3.1214806850e-02
-7.2764246625e-01
4.5209980760e-01
2.3300699200e+00
-2.6929741951e-01
6.9453259095e-01
-6.0157648125e-01
-3.0670946858e-01
-7.4642672238e-01
-1.2759480043e+00
3.3023640386e+00
-2.3032604497e+00
3.6528862152e-01
6.3769956622e-01
1.2762248806e+00
5.3638462051e-01
3.8300512536e-01
-3.9564462500e+00
-2.0911831167e+00
8.2883150775e-01
-1.4311253966e-01
1.3064420565e-01
5.1727369709e-01
1.3166159319e+00
-6.3396713599e-01
-9.3961939597e-01
-8.3486841597e-01
2.3862148546e-01
-3.4501011121e-01
2.1350391140e-01
1.6590390144e+00
-4.3686515570e-01
9.4328267407e-01
-5.1080635933e-01
1.8101273244e-01
2.0418454271e-01
2.3508100687e-02
2.8665652630e-01
1.4245525583e+00
1.1580010042e+00
1.1432196841e+00
2.1211265399e-01
6.5523012248e-01
-2.8615094932e-01
2.6617168481e-01
-9.0662760953e-01
1.7338087012e-02
1.0160825407e+00
5.3915683449e-01
8.8807989744e-02
7.5078108569e-01
7.8435801465e-01
-1.6528236325e-01
-9.7581706818e-01
-1.0472609579e-01
5.9100784917e-01
-3.0140601990e-01
-6.1912134960e-02
-1.4457048755e+00
-7.4085230905e-01
-1.1777809277e+00
-1.3935013832e-01
2.2580743397e+00
-5.8187071087e-01
3.5078419472e-01
2.0219457202e-01
-1.3669179082e-01
3.4960285468e+00
1.0930222493e-01
7.6520536195e-01
4.2025200759e-01
1.3274781950e+00
-1.2279531017e-01
-4.7544839773e-01
5.1842911730e-01
1.4009390964e+00
-3.0147004605e-01
2.0188922030e+00
-6.4937333581e-01
1.8740632968e-01
-9.7550751783e-01
4.7097146448e-01
1.6401015932e+00
-1.3840570413e+00
6.2164538099e-02
2.6024938112e-01
1.7913238262e-01
-6.8957057385e-01
1.1974979148e+00
-3.6283520714e-01
-8.5994727664e-01
1.0696399859e+00
7.4255355681e-01
2.3015924210e-01
-7.7932538049e-01
1.4134232902e-01
-2.2115875256e+00
-3.7277589383e-01
-8.3751217303e-01
-3.2206527241e-01
1.4981180596e+00
4.9408463594e-01
1.3672606626e+00
-2.9680888389e-01
-1.8703349243e+00
-5.9965114917e-02
2.2793558329e-01
1.2328009881e+00
-1.4488744388e+00
-2.3421221027e-01
-9.5939275471e-01
