-6.3748681764e-01
9.5768568037e-01
8.0445422960e-02
1.2230464250e+00
-1.6118159004e+00
-2.7721617083e-01
6.8337398698e-01
4.3865510726e-01
-6.9685274587e-01
2.2190640484e+00
2.1252918729e-01
-5.7937408278e-01
9.1206180708e-01
-8.9873135787e-03
-2.0466281836e-01
-1.0164360586e-01
2.2449430974e+00
2.9234615156e-01
-1.7991628814e-01
-2.7867173674e-01
4.4993966704e-01
5.1876248730e-02
-3.2627857061e+00
9.4063074445e-06
-1.6357620232e+00
-1.7075409692e-01
7.9059479614e-01
-1.0263071572e-01
3.9137639768e-01
2.1697387771e-01
-2.3189021590e-01
-2.0350886852e-03
4.2835169078e-01
1.0737425292e+00
-4.6316480608e-01
-4.1985635326e-01
4.1902696598e-01
-2.9636560121e-01
3.1342177829e-01
1.4480876209e-01
5.0250086339e-01
-4.5307506560e-01
-2.3028732660e-01
-3.0589518610e-01
2.3286599159e-01
6.5235948438e-02
2.3222166104e-01
-1.3905951812e+00
5.8704126866e-01
2.0974177330e+00
1.8394635025e-01
-9.6615427037e-02
2.6890603723e-01
1.1991631478e-01
4.5762154081e-01
-1.8235446184e-01
-7.0179531027e-01
-1.1742181540e-01
-3.0888999539e-01
-6.5286944946e-01
-8.0307388020e-01
-8.5473427648e-02
6.8711298233e-03
4.1910439102e-01
-2.7252383891e-01
-1.3326614625e-01
1.0389570815e+00
-2.1213934228e+00
4.0541193430e-01
-2.0078715505e-01
-2.3995525908e-02
4.3713078253e-01
-1.7057899093e-01
4.6460818259e-01
2.1084849669e-01
-2.2753098305e-01
-4.0360182157e-01
-6.4557559473e-01
-4.2604788267e-01
4.2731944341e-01
-1.5706764624e-01
-6.4230591801e-01
-1.3774318702e-01
4.9650186528e-01
9.0908104707e-01
-2.4660090188e-01
-7.8410341647e-01
3.5808100031e-01
5.0852316846e-01
1.8785539859e-01
5.6740336663e-02
9.9137758485e-02
8.2184746752e-01
-4.2157123396e-01
-1.9940506689e+00
-1.8795393677e+00
1.0347451380e+00
6.5034304544e-01
1.5031509894e-01
-2.1118938459e-01
-3.1099634535e-01
-3.4790395789e-01
8.9441813655e-02
-6.5965787708e-01
-3.2546428183e-01
-2.0835885449e-01
-3.4833196570e-01
-6.1135935481e-02
-2.9807769607e-01
-2.3781190772e-01
3.0377757056e-01
-1.3454193325e+00
-1.0669548670e+00
1.1547425693e+00
4.0640411705e-02
-4.3765323036e-02
-1.3912283194e-01
4.5154111884e-01
2.0263252053e+00
-1.8751675240e-01
6.8366994195e-02
1.0560740221e-01
-7.2450333648e-01
-9.7003384940e-01
1.5930788599e-01
2.1320964442e-01
-4.1167011891e-01
-2.3518621907e-01
-4.6788253298e-01
2.0676496536e-01
-3.1828962671e-01
-9.6458697116e-01
8.4540362702e-01
2.2002576949e-02
5.9333917441e-01
9.8923829610e-02
-2.0616564591e-01
-1.7668326324e+00
-8.9874244503e-01
2.4741002405e-01
1.6623765738e-01
-3.8755378384e-01
1.1918898534e-01
-2.0412868949e-01
6.5142322885e-01
-6.5480124450e-01
2.7220972427e-02
-1.9222386205e-01
-3.4447189009e-01
3.5765045026e+00
6.2280671888e-01
5.5867184012e-01
-6.5960165056e-01
1.4192702688e-01
3.1405777616e-01
-2.0653199596e-01
-1.3288210575e-01
7.9528405398e-02
7.3178784969e-01
5.1853093562e-01
-1.4536222028e-01
-1.6639191741e-02
-5.0786355452e-01
4.4402798458e-01
