1.7811781522e+00
1.6519587781e+00
9.4029550156e-01
5.2783906033e-01
7.6982719969e-01
5.0365632203e-01
-4.7947406902e-02
-2.3778818051e-02
-7.1054458247e-02
-6.0075110838e-01
9.4099478631e-01
9.3458275362e-02
-1.1663790267e+00
-1.4542737373e+00
-9.3581343705e-01
1.4104591960e+00
-5.3424222782e-01
-3.5077160989e-01
1.8785038436e-01
5.6794646461e-01
3.3998720616e-02
1.8960641903e+00
9.8471457046e-01
8.6360770856e-01
8.6280748901e-01
1.6900902960e+00
-8.5721325672e-01
-1.7996337386e-01
1.6738033300e+00
2.6791099338e+00
5.4434044070e-02
4.7888069948e-01
1.0088809216e+00
6.7391893547e-01
9.8231674499e-01
-1.7906534580e+00
-4.5011301761e-01
-1.7138829233e-01
9.2061564720e-01
1.0937943992e+00
1.5381559370e+00
1.9687622884e-01
1.8585537791e+00
4.8155304760e-01
-3.4769458080e-01
-9.1136622300e-02
-7.9220661348e-01
-5.8135898496e-01
1.6608565159e+00
-5.2256659908e-01
-6.8290863212e-01
1.7372942638e+00
5.4667395064e-01
4.2836801499e-01
-2.5856717441e-01
3.9052714673e-01
-1.3827903248e-01
-1.9539274566e-02
3.8961106386e-01
7.5664107236e-01
1.0168571084e+00
3.1963379610e-01
1.8575589644e-01
-6.5682888796e-01
-1.7710121146e+00
-8.2347663074e-01
