-8.5014221199e-01
-4.9420183450e-01
-2.8523809004e+00
-6.9345208399e-01
-1.1271646819e+00
-8.1502929640e-01
-2.5410913313e+00
-1.9374000237e+00
-6.8933101600e-01
-1.8792963051e+00
-2.7894107486e-01
-8.2047242414e-01
-1.9651101796e+00
-8.9697356788e-01
-5.6298658672e-01
-5.1205712260e-01
-1.2088608222e+00
-3.0454007536e+00
3.0958971331e-01
-1.3740477350e+00
-9.0611699991e-01
-1.1782413916e+00
-3.0791166867e+00
-1.3043062845e-01
-1.8431207900e+00
-8.9068220110e-01
-1.9934114057e+00
-3.7706106670e+00
-1.8446168927e+00
-1.1806783705e+00
-1.0788942853e+00
-1.9982826148e+00
-8.1427718835e-01
-1.5854787876e+00
-1.2971489308e+00
-4.7610932085e-01
3.5473876882e-01
-2.1901991773e+00
-8.6716218515e-01
-1.9931855962e+00
-1.9735775973e+00
-1.2728401859e+00
-1.2619300208e-01
6.0222951792e-01
-1.3189074642e-01
-1.6304797376e+00
6.8980670560e-02
-1.6512492864e+00
-2.4386889105e+00
-8.9736945647e-01
-1.3538054483e+00
-2.4658986234e+00
-8.6119518987e-01
-1.0787693785e+00
-5.4093404336e-03
-6.2150834471e-01
-8.8302894652e-01
-2.7344222323e-01
-1.6935044667e+00
-2.2188822067e+00
-2.0367743674e+00
-8.6602284446e-01
-4.8720883964e-01
3.3642080452e-01
-2.9591058317e-01
-4.9103531824e-01
-1.3108531794e+00
1.0350849409e-01
-1.4919905214e+00
-1.5254987349e+00
-8.7584404467e-01
-3.2692495419e-01
-2.6062542764e-01
-3.2648211193e-02
-1.5861645801e+00
-9.6498848197e-01
-1.3475155195e+00
-4.7116070874e-01
1.7472299023e+00
-3.0006510526e-01
-3.2592148132e-01
-2.5145847560e-01
-8.6508707511e-01
-2.0490287712e+00
-5.6399375391e-02
3.9350564481e-01
-2.7239519588e+00
-2.1409070599e+00
-3.8264104517e-01
-2.8254561391e+00
-4.7853582418e-01
-1.7168016416e+00
-8.7462008647e-01
-1.8555329024e+00
-1.3736241803e+00
5.5789306077e-01
-1.0087412307e+00
-3.7994062088e-02
-1.0393056034e+00
-1.6845573849e+00
-1.2389710111e+00
-1.3786213795e+00
-1.0486103882e+00
-3.0368669879e+00
-1.7649711269e+00
-4.0077395142e-01
-1.9292727793e+00
-1.6638231224e+00
-1.0736231101e+00
-9.6471632800e-01
-9.5226718433e-01
-5.7189302053e-01
-1.0007194703e+00
6.3364863348e-01
-3.3589968793e+00
-1.5451618391e-01
-2.2509652675e+00
-3.0614968806e+00
-9.7541417469e-01
-8.1836101617e-01
-1.0303656310e+00
1.9921623864e+00
-2.2276959662e+00
-1.0071759671e-01
-8.6225609442e-02
-4.9276069223e-01
3.0775566103e-01
-9.3074233272e-01
-1.1241609802e+00
8.2424932344e-01
-1.8116066067e+00
5.2660073886e-02
-4.0906513688e-01
-1.1699833245e+00
-5.5211628575e-01
4.5802362398e-01
-2.0575653724e+00
-5.4839938565e-01
-1.5490102039e+00
-7.1751880385e-01
-1.6560956085e+00
-2.9682943759e+00
-1.5381959317e+00
-1.1937155452e+00
-2.1296663608e+00
-3.3669880180e-01
-1.7755058903e+00
-3.7258233103e-01
-6.1503101092e-01
-1.3897744110e+00
3.6700530586e-01
1.1485101833e+00
-4.6063625475e-01
-8.6921366047e-01
-1.5420582769e+00
-9.8455397007e-01
7.2983162962e-02
1.9984409590e-01
5.6762717223e-01
-7.3505468955e-01
-1.0768258826e+00
-1.8321988069e+00
-5.4750568427e-02
5.8727178420e-01
6.0311125725e-01
-1.1877843691e+00
-1.8106324584e+00
-1.4109041549e+00
-1.0929575221e+00
-9.5628380600e-01
-9.2265613791e-01
-1.0383325337e+00
-8.5446093583e-01
1.2248152015e+00
-5.3313950473e-01
4.9008063763e-01
5.5778698438e-01
-8.1051594809e-01
5.2392875377e-01
-7.1472093433e-01
-1.6396995605e-01
1.1701094793e+00
-1.9134065999e-01
8.2419555954e-01
-3.7881449770e-01
4.1005520412e-01
-1.0205024153e+00
-5.3269509520e-01
-1.4800797900e+00
-4.1245511731e-01
-1.8148528918e-01
1.1010391740e+00
1.2143447945e-01
-1.5981950005e+00
-1.8779650133e+00
-1.2705389902e+00
1.6681443243e-01
-3.5419030048e+00
-3.0293334411e-01
-2.2352697689e+00
7.7065747649e-01
-6.9371234079e-01
-1.3438592810e+00
-9.2940662683e-01
9.1717308718e-01
6.2151447749e-01
-2.1305408293e+00
1.0001075871e+00
-4.7443551281e-02
-8.9181830624e-02
-1.4311722606e+00
1.7443813228e-01
-6.3937958474e-01
2.6126902242e-01
3.6750582679e-01
-3.4144343029e-01
8.8176553968e-01
-4.6002757124e-01
-4.9914993666e-01
-4.3446280540e-01
-2.0853912580e+00
8.6687425498e-01
-8.4008262041e-01
-4.1487307405e-01
-7.1044376003e-01
-9.8635951656e-01
4.9247469779e-01
-1.4659030320e+00
-7.4185516917e-01
1.2706168996e-01
7.3415255016e-01
1.0077658201e+00
5.3135795555e-01
-1.1205202489e-01
-1.6698065134e-01
8.8547457246e-01
2.4795007792e+00
1.3451075740e+00
-9.0095457424e-02
-1.0946627505e+00
1.3124434899e+00
9.1628020632e-01
4.2099089336e-01
-1.2377610541e+00
-1.4563456373e-01
5.4639510492e-01
-1.8114871860e+00
6.2113642411e-01
1.5429869476e+00
-1.3474502129e+00
-7.8672064757e-01
-1.8335037602e+00
-3.6465220333e+00
-9.1750608353e-02
-1.9029344760e+00
-3.0345573464e-01
1.1587877610e+00
2.9349086773e-01
-5.2317443690e-01
-3.3926918086e-01
9.1164723735e-02
-6.8563546358e-01
-1.1962442051e+00
2.5431036739e-01
-5.8236228745e-01
7.7073813823e-01
-1.0813104322e+00
-7.7265320522e-01
-2.3915303165e-01
-1.3067279079e+00
1.5018641769e+00
-7.0511894891e-01
5.6787736106e-02
-8.8852220522e-01
-6.1399945549e-01
1.6236508912e-01
-2.3837686772e-03
-4.0219838008e-01
-1.2730166566e+00
-7.7577142973e-01
-1.8563699107e+00
2.3316814579e-02
-9.3632259243e-01
-9.2291740857e-01
-3.4233769261e-01
-1.5293033096e-01
-1.0388942272e-02
-7.0096825864e-01
1.1372844359e+00
-1.7730377463e-01
-9.7082322632e-01
2.8870645552e-01
-9.3011463763e-01
9.5944200046e-01
-1.9291617655e+00
9.4056788557e-01
3.6063187203e-01
5.2225006459e-02
-1.2408888417e+00
-7.6789741426e-01
-6.1411972970e-01
-4.2424941677e-01
-1.0758845421e-01
8.8127916522e-01
-1.1413948387e+00
-3.6003924310e-01
4.2624966269e-01
-2.8198320181e+00
-2.1645256508e+00
-1.0693310765e+00
-4.8289298696e-01
1.8493730363e+00
-1.3828979737e+00
6.6941074281e-01
-2.5818662868e-01
-6.4705505803e-01
8.2752472213e-01
1.2296698590e-01
1.1718419950e-01
-1.0318619105e-01
-2.7610398490e-01
-3.8630798549e-01
4.0161847764e-01
-4.1946382448e-01
5.9461058018e-01
7.1841666015e-01
-1.2931231025e-01
-5.4560327459e-01
1.3565672201e+00
5.4872852112e-02
2.0236661808e-01
-9.1514590175e-01
-7.5611293428e-01
-9.4928694354e-01
1.1445167775e+00
-4.2187599848e-01
-8.1541048329e-01
-1.6084262283e+00
6.6219951533e-01
1.5179151679e-01
-1.1813141654e+00
-1.1584122960e+00
-8.2423194428e-01
-7.8094685461e-01
-8.3911295511e-01
-9.5625328060e-02
2.5964408196e-02
-7.0219783812e-01
-1.7110356445e-01
1.6771046024e+00
3.1444024084e-01
-2.6815401704e+00
8.3782363735e-01
3.6633125510e-01
-6.0167788885e-01
6.0969255616e-01
1.2656200765e+00
9.7893838040e-02
-2.7228653480e-01
-1.7691880291e-01
-9.6498776089e-02
-2.7680235740e+00
-2.1432476803e+00
1.2584873002e-02
-1.0359513436e+00
-8.8311725446e-01
-1.9042266046e+00
-1.4694106213e+00
-1.1660210608e+00
5.6111578276e-01
-1.0447554433e+00
7.3868245800e-01
-4.5135994373e-01
-1.0246098204e+00
-9.6959600231e-01
6.0191350238e-02
8.8777661100e-01
-1.2384730984e+00
-1.4826362714e-01
6.4039360643e-02
7.6226818973e-01
4.8345161559e-01
1.0581384209e+00
-1.2142104862e+00
-6.4182913180e-01
1.0525148208e+00
-1.1644956922e+00
-1.0190310597e+00
-1.8533072920e-01
-1.8588230632e+00
-1.2757667623e+00
-3.1198049768e+00
-1.1794047980e+00
-1.2871892798e+00
-1.1835734439e+00
8.1003194409e-01
-2.4632856691e+00
7.2597162646e-01
-6.5834371973e-01
-1.4707877164e-01
-3.5175594950e-01
-2.8054776080e-01
-1.4057386331e+00
-1.5586589320e-01
-4.3385227929e-01
-4.0739822267e-01
6.4395171443e-01
-2.1914619908e+00
1.0384443238e+00
3.2483314339e-01
-8.4123303659e-01
-4.4523276532e-01
-7.4771409987e-01
8.2874581794e-01
-4.2263237142e-01
-5.5989773767e-01
-1.7019742171e+00
-1.9461027771e+00
-1.1554057762e+00
-3.2311416341e+00
-9.9939582611e-01
-9.2711270262e-01
-1.9919116335e+00
-1.5255008231e+00
-1.3160186776e+00
-4.3867430678e-01
5.2043253354e-01
8.4272230771e-01
7.2972829984e-01
-1.4047670814e+00
-2.9929851891e-02
1.5125850853e-02
1.3887952191e-02
1.2067959654e+00
-3.8317727579e-02
-9.8207842067e-01
1.3032414068e+00
5.2824430878e-01
5.5175987695e-01
-1.7540131447e+00
1.4514089698e+00
-8.5062338343e-01
-1.6007583866e+00
-1.3823544564e+00
-1.6749836376e+00
-3.8788561569e-01
-7.6268175003e-01
-1.8330356850e+00
-1.6206573272e+00
-1.2600738879e+00
4.9956704499e-01
-9.7012359221e-01
1.5906133591e+00
-1.2918575852e+00
-1.3683713860e+00
-9.1290059769e-01
-2.9810573829e-01
1.6365536438e-01
1.4299757800e-01
7.8192461422e-02
4.5084687670e-01
3.6705006636e-01
-1.2515787255e-01
1.0867570823e+00
8.8536082385e-01
1.0268779183e+00
2.2851176543e-01
-9.2931023003e-02
-4.0452614990e-01
-1.5842099583e+00
-6.2748846970e-01
-2.7912705856e+00
-1.7871418688e+00
-1.2176537022e+00
-8.9013025053e-01
-1.2149763139e+00
3.5339171430e-01
4.5498383057e-01
-1.2871173053e+00
-1.7837582008e+00
-1.1974900180e+00
1.1909041085e-01
-1.3615699281e+00
1.7026007545e-01
8.8850947887e-02
-1.5861745759e+00
-7.3691952984e-01
1.5109106002e+00
-2.0704267521e+00
-8.7930486642e-01
-7.8111859557e-03
6.3243380226e-02
-9.1474164589e-01
-2.0251447520e+00
-7.7504739532e-01
-7.6848336179e-01
-2.7085177181e-01
-9.0461886028e-01
1.1323802154e-01
-9.4391048895e-01
-1.0993379288e+00
-4.4177181119e-01
-1.6887807960e+00
5.7010045220e-02
-1.5693063872e+00
-2.0482562873e+00
-1.7973554747e-01
-2.9512221533e+00
1.9706238964e-01
-3.4636761822e-01
-6.5614573151e-01
3.3297262230e-01
1.7689905461e+00
-1.6397753491e+00
-1.1893605820e+00
5.6924206263e-01
-1.0807212353e+00
-1.8888452875e-02
-3.2918559742e-01
-8.6633533837e-01
1.1017653669e+00
1.0392826063e+00
-1.3089602742e-01
1.5376564488e+00
-2.2874159002e-01
-2.0008199473e-01
-8.8971724556e-01
-4.0963080522e-01
-6.6063676560e-01
-9.6736864083e-01
4.8180890650e-01
-6.5215075934e-01
-2.4430021047e+00
-1.1341530216e-02
-8.8266324966e-01
-3.6383287382e-01
-1.3606171422e+00
-1.3800795709e-01
-1.1161156400e+00
-4.7065143143e-01
-1.5664484233e+00
2.1238489043e+00
1.7207050348e+00
-6.4268411828e-01
-1.6629939956e-01
6.8474460279e-01
5.1243869057e-01
5.5611860749e-01
5.5264789293e-01
4.2155166129e-01
1.4145612769e-01
-7.5452291517e-01
-7.5338334328e-02
-7.6111798209e-02
2.3901332893e-01
-1.9252407068e+00
-9.2192174669e-01
-5.2697687413e-01
4.8342119598e-01
-2.1521927160e+00
-9.5968266295e-02
-1.9456436732e+00
-4.1070838605e-01
-1.2672348870e+00
-1.8052358216e+00
-7.7381959195e-01
2.3717223011e-01
6.2194461041e-01
-8.2715029318e-01
-6.9905427809e-01
-7.5096595050e-01
-1.6419341386e+00
1.4274964205e+00
-6.3949938672e-01
-4.3389974406e-01
1.5420400520e-01
4.6812157929e-01
7.2246533304e-01
1.2551390465e-01
-8.8647706622e-01
5.9670762451e-01
-4.2767927185e-01
6.1215237636e-01
-2.5128911716e+00
-1.0359736167e+00
-2.6734909697e+00
-1.9791890190e+00
-1.7936183666e+00
-1.2325331343e+00
-9.8088758251e-01
-1.1185686777e+00
-1.2349475119e+00
-2.1580586772e-01
-1.0807254805e+00
5.9812246294e-01
2.3908633701e-01
-4.3317837773e-01
3.9228643070e-02
-2.1341146443e-01
6.4610049221e-01
1.0806080459e+00
2.8265454320e-01
5.7263412904e-01
1.0023609714e+00
-2.1434633252e-01
2.1766338032e-01
-1.8896264738e-02
6.7862045279e-02
-8.3785813533e-01
-1.3482957758e+00
2.0095016944e+00
-1.9068976176e-01
-1.3003458849e-01
-8.5930266664e-01
-1.1581849182e-02
-1.1154988410e+00
-2.9765485186e+00
-9.6966508343e-01
-1.0159882434e+00
1.2804330369e-01
1.7138304383e+00
-6.1496007918e-01
8.2162644202e-01
8.9501425228e-01
-5.2950069121e-01
3.3612161566e-01
-7.3761665917e-01
-6.4889642965e-01
1.7401141714e-02
9.8303825503e-01
8.0593395797e-01
1.1187907015e+00
-9.7250885642e-01
-1.8790156711e-01
-2.4729005293e-01
-6.4261493816e-01
-1.3601734959e+00
-6.7116131134e-01
-2.2344289833e+00
-6.7218641854e-01
-2.5600073147e+00
-1.6094059131e+00
-1.5155159548e+00
-3.3923626144e+00
-1.7782098730e+00
-2.0182318719e+00
1.1949526688e+00
-1.1402320312e+00
-1.6617459629e+00
-4.7730323818e-01
-9.3755493531e-01
3.5089836165e-01
-1.2050753805e+00
-1.2329744080e+00
-5.6967699737e-01
5.0183263405e-01
-5.0623051932e-01
-1.6845380602e+00
-7.3652239552e-01
7.3290468730e-01
2.7917538690e-01
5.5626380384e-01
-1.5393876871e+00
-3.3432975724e-01
-2.1449725208e+00
-6.2083919502e-01
-1.4015744299e+00
-2.9549248026e+00
-1.2337344278e+00
-8.8877904239e-01
-4.5201272578e-01
5.6856111527e-01
-1.3603637068e+00
-7.5689160616e-01
5.6151538031e-01
-3.0827195446e-01
-1.2029295338e+00
-5.9284825105e-01
-9.2004960918e-01
-1.0635433472e+00
-7.9493949369e-01
-2.4383154170e+00
-3.4294729229e-01
1.0215592955e+00
9.3628735832e-01
1.3655608381e-01
7.6254219471e-01
-4.4488674677e-01
-1.2868762555e+00
-4.9516512291e-01
-6.2939491778e-01
-1.4191287922e+00
-1.7423386749e+00
-1.9802432370e+00
-3.7038865420e-01
1.7876503008e+00
-1.8293284775e+00
-8.0626674260e-01
-1.6318598930e+00
-8.5553465493e-01
-2.3868902773e+00
-8.7379659483e-01
-1.6148589689e+00
-1.5848021104e+00
-2.9330057672e-01
-2.0585144772e+00
8.8383737738e-02
-9.8324378676e-01
-4.0145118288e-01
-9.8007739179e-02
-1.7005603962e+00
1.2244670475e+00
-1.2479089675e+00
-2.8196595423e+00
-9.6649152385e-01
-7.1307283719e-01
-4.2028697027e-01
-1.6475945565e+00
-6.9210771554e-01
-1.9464154733e+00
-9.9765693168e-01
-8.6307788984e-01
-2.5084491149e-01
1.5619819097e+00
-3.8608795091e-01
-1.5563788747e+00
-2.7759403372e+00
-7.3719431596e-01
-2.6520481928e+00
-1.3771949472e+00
7.8097952987e-02
-2.9181586253e+00
-2.6039552506e+00
-1.1442182795e+00
-1.2307112285e+00
-1.6941543552e+00
-4.8835542361e-02
-8.9556652854e-01
-2.9740121621e+00
-1.2135187310e+00
-1.3001767328e+00
-1.4939949511e+00
5.9742780084e-01
-1.9056586129e-02
-9.8792416526e-01
3.0655047092e-01
-5.8501890736e-01
-9.2967298737e-02
-1.2357943910e+00
-1.3475972761e+00
-2.9041626312e+00
-2.5039841117e+00
-1.7719578868e+00
-6.1064535601e-01
-1.9084707976e-01
-1.3181734545e+00
-1.2211034621e+00
-1.4593616176e+00
-1.0429552252e+00
-2.0299923815e+00
-2.7911289171e+00
-1.7565618281e+00
-9.5165773508e-01
4.0078744228e-02
-1.1611335094e+00
-1.6425245982e+00
-1.5693648314e+00
-1.7471031852e+00
-1.6990491190e+00
-7.7270278586e-01
-1.1465778046e+00
-1.8875479808e+00
-2.3308814532e+00
-3.0587676252e+00
-2.3059483790e-01
-4.6283331850e-01
-1.4423052317e+00
1.4805526694e+00
2.5351273466e-02
-9.5723219830e-01
-1.0756062719e+00
-2.0216320946e+00
-1.2078138114e+00
9.6205118631e-02
