-9.8220979514e-01
8.6534023519e-02
-3.3898094086e-01
-4.2194515622e-01
1.8366180606e-01
3.1211257012e-01
4.4862809821e-01
-5.1332847631e-01
-1.9536857962e+00
5.4065767784e-01
-2.5786003319e+00
-3.9710037854e-01
1.0553116409e-01
8.0283031096e-02
-5.6835326911e-01
-5.5081978862e-01
-1.1408190230e+00
2.9103021192e-01
1.0809572739e+00
8.5472474744e-01
-7.4399969532e-01
3.0945593262e-01
-2.8560512400e-01
4.5007782975e-02
4.8651460068e-02
1.3037500963e-01
2.0072158195e-01
7.2747403146e-01
3.0001264552e-01
7.0935254980e-01
-5.1908895054e-02
7.5009969219e-01
5.6491382175e-01
-1.0451116872e+00
4.6985726014e-01
-1.9237164732e-01
-1.0971795244e-01
9.1727897815e-01
-2.2508627222e-01
1.0962829152e-01
-4.3896984302e-01
6.8442498791e-01
-3.7094662624e-01
-7.1865060346e-01
6.3005338282e-01
-2.6687741970e-01
-6.0741087039e-01
-2.4804453939e-01
-7.6968151178e-01
-5.3199125601e-01
-6.5946428205e-01
1.8358844937e+00
-3.6028694039e-01
-1.1505739147e-01
-1.1330446980e+00
-8.1393427477e-01
1.9752923892e-01
-6.1214961256e-01
-1.4335527202e+00
-4.4977878660e-01
4.0635743152e-01
4.4227349299e-01
1.0856134363e-01
5.4806325752e-01
2.9033146118e-01
-1.5056515710e+00
-1.1351472257e-01
2.2806835862e-01
-3.9315364103e-01
-9.2197770800e-02
-5.1358551668e-01
-3.5844471509e-01
6.5216099346e-01
6.2363210532e-01
5.9378543744e-01
8.1464227139e-01
1.6216853838e-01
2.9570650561e-01
-3.9365603804e-01
8.5049045548e-04
5.2862182628e-01
2.3211045950e+00
-1.7980880564e-01
1.3247182093e-02
-8.2478333684e-02
9.5427458676e-01
7.8936070749e-01
2.3742993083e-01
1.1767012621e+00
3.4062879084e-01
-7.1028665337e-02
-9.8472117972e-01
-9.0561388530e-01
-3.1485771249e-02
-2.6270794530e-01
1.0693818625e+00
4.2568492347e-01
1.3815503475e+00
-6.5149841151e-02
3.4417080695e-01
4.2564362454e-01
4.9839236499e-01
-5.0972196975e-01
-8.9710275311e-02
2.7045017742e-01
4.6678460291e-01
-9.4926714215e-02
5.1367321722e-01
5.1881330327e-01
-3.5756062180e-01
1.2805479204e+00
8.4326777456e-01
-7.6712644385e-01
3.4344003655e-01
-9.6443345868e-01
1.4607559109e-01
-2.1456282585e-02
2.1142082666e+00
1.7873826500e+00
3.3243541673e-01
-1.0819598346e-01
-1.1282158476e-01
-4.6368081730e-01
-1.3764166764e-01
5.6779185762e-01
-4.8017741605e-01
-6.6989792667e-01
4.2801794480e-01
-1.9176529052e-01
1.6774972714e-01
9.5561030816e-01
2.1684147078e-02
-2.8948590569e-01
-3.4340286379e-01
7.7143249859e-02
3.2650761441e-01
3.2265465788e-01
-2.3424674456e+00
6.2609323238e-01
4.4487554657e-01
2.3138706869e-01
-1.5190866722e-01
5.1462504722e-01
-3.0672835957e-02
-7.0346798107e-01
-4.5774153626e-01
7.2371275135e-01
2.6565889444e-01
-7.0909586834e-01
3.4652688769e-01
2.8368327971e-01
-4.3587889618e-01
2.5519268687e-01
-4.3997667416e-01
1.1432057809e+00
1.7732486864e+00
