1.2611300045e+00
-9.7072742238e-03
-7.3917426951e-02
1.8492248216e-01
3.7621444479e-01
6.5023586960e-01
-1.2889670185e-01
3.6770287523e-02
-4.5579679342e-02
6.5786997024e-02
1.2902357691e+00
7.7442616479e-02
-2.5901027573e-01
7.7743972245e-01
-3.3352289635e-01
-1.1002591948e-02
-9.8619923939e-02
8.5091857644e-02
1.0609511988e+00
-1.4082882763e-01
2.2619836955e-01
-3.6810698228e-02
-4.6321228267e-02
-9.6240553287e-02
1.5215753194e+00
-6.6414242064e-02
1.7308178541e-02
6.1025393186e-01
-2.9860352573e-01
-6.1061170354e-01
1.3186370671e-02
-3.3060436647e-01
5.8147720374e-02
5.5284749289e-02
5.9907561985e-02
1.5587002442e-01
2.2011524646e-02
3.2635138580e-02
-2.5167430854e-01
-1.4362867603e-01
-1.1427480472e-01
-1.6006296246e-01
6.0264387386e-01
-4.6760838608e-01
1.7468359996e-01
-4.1435217569e-01
-2.0015523881e+00
-9.0491581475e-01
4.7120249882e-01
6.5593067312e-01
-1.0394282750e-01
-1.2041714288e-01
-5.9736930277e-02
4.6546898956e-01
-7.4734496430e-01
-7.8477583456e-02
1.2811432435e-01
2.4437344961e-01
-1.2855926639e-01
-1.4968382592e-01
2.5610128145e-02
-1.4813060765e-02
-1.2824145363e-01
-4.2066553789e-01
-7.1187643819e-01
-2.3821452534e-01
1.4169957274e+00
2.1263595435e-01
5.2269161475e-01
3.5827155732e-01
1.0938637333e+00
1.8944070950e-01
-1.2999141918e-02
-3.7216085802e-02
3.5209587849e-01
8.7985399343e-01
1.1269707570e-01
2.3167542705e-01
2.3039997013e-01
-4.2559457365e-02
4.5198260766e-03
-6.3313445885e-01
2.5083149180e+00
-1.5130848777e-02
-3.7077561620e-02
1.6454326196e-01
3.1144886954e-01
2.9086443046e-03
1.4808737773e-02
9.9772357253e-02
9.0778189070e-01
-1.2222250853e-02
-6.8680388788e-02
2.5708032746e-01
9.6712012666e-01
-8.6097205594e-01
1.4422186733e+00
-1.0888331190e-01
-4.9437637574e-01
7.6998656341e-01
1.6435596926e-01
2.3518445936e-01
-1.1206788931e-01
1.8338206550e-01
-1.1479184544e+00
1.8391036484e+00
4.1641126607e-02
-1.2678230696e-02
1.9209600576e-01
4.1281281994e-01
-3.2767749206e-02
-7.2418997223e-01
-2.4078720493e-01
-7.1721793703e-02
2.8070084725e+00
2.0050162826e-01
-1.1616971089e-01
1.4477350150e-01
1.1057604097e-01
1.9502212617e+00
-1.9797396682e-01
1.5357994190e-01
-1.1353647375e+00
-3.2937074900e-01
-2.2626379931e-01
8.8638844626e-01
7.9597837376e-02
8.6007024490e-01
-2.7683033912e-01
-2.9846762032e-01
-7.5354695229e-01
-1.0358577235e+00
1.2986897938e+00
3.4242894174e-01
-2.2388802443e+00
-1.8732545238e-02
6.7297705605e-01
3.5834116926e-01
-1.2136617225e-01
7.7492730149e-01
-7.3838779020e-02
-3.3190293444e-01
5.8863858686e-02
-1.3306784611e-01
5.4264502660e-01
-4.4633636942e-03
9.5249269160e-02
-1.3652342593e-01
-4.0162080286e-02
9.6649858293e-02
3.2992588562e-02
1.9308463190e+00
2.7629124720e-02
1.0859637129e-01
-8.7588736286e-03
-2.0635458196e-01
