-2.8193522784e-01
2.1810483281e+00
-1.2246207065e-01
4.8635145091e-01
2.9980983266e-01
5.9925178663e-01
3.3655399966e-01
-8.1936487337e-01
1.2528543308e+00
1.0618393952e+00
-6.6278240185e-01
-6.3914666019e-02
-1.1371732172e+00
-9.4058586871e-01
4.5566336031e-01
-4.0826653545e-01
2.5329318748e-01
5.8982034438e-01
7.0571470954e-01
-1.8421629134e-01
-2.8347717971e-01
-6.3104969219e-01
4.4185721720e-01
-4.9781147126e-01
2.1194215757e-01
2.2616517889e-01
-7.4574885529e-01
8.8479404537e-01
1.0594487467e-01
-2.0268988148e+00
-1.2985310218e+00
1.3759320117e-01
-3.2609825300e-01
5.7150934615e-01
-3.6555849040e-01
-5.7087583124e-01
-1.9330493476e-02
-1.8275402504e+00
2.1169995422e+00
-1.8015163193e+00
-3.1553296429e-01
-1.4138350303e+00
1.3425314839e+00
6.8858585550e-01
-4.5739910731e-01
3.1188829366e-01
-4.8623514076e-01
-3.3061094665e-01
4.1014141052e-01
6.5335846037e-01
-2.5892724332e-01
3.2627365325e-01
5.2550949907e-01
-2.1066622338e-01
-4.5965019552e-01
5.6648643162e-02
-2.9498381259e-01
-3.3965939498e-01
1.6693181326e+00
3.6161075239e-01
3.2236811851e-01
-3.5037792934e-01
4.0315457318e-01
1.0991638370e-01
-3.7030456124e-01
-4.3540368514e-02
5.6435527656e-02
-5.4531140675e-01
3.2670870477e-01
5.5613110780e-01
1.2903197661e+00
1.7208982773e-01
-1.7156375722e+00
-3.4668797623e-01
-3.0110469030e-01
-7.9411746547e-01
1.6707996370e-01
-3.4931586595e-01
-1.1208744388e+00
4.0095971485e-01
1.1907803472e+00
1.7111261833e+00
-1.8048943238e-01
-9.7997185447e-01
-6.8830549224e-01
2.1815073843e+00
1.4230549584e-01
3.9209931196e-02
8.7186077676e-02
5.1173454051e-01
1.5892675672e+00
-1.7671272808e-02
7.5771216314e-01
1.0381094375e+00
1.3537489506e-02
-1.9849570870e-02
2.0888777821e-01
9.8005800042e-01
2.5190005126e-01
4.0651111518e+00
1.4626156237e+00
-7.8596536607e-01
-8.6437313675e-01
-1.4685152329e+00
-1.1644195348e-01
-5.1119135190e-01
-4.9360813492e-01
-4.4836105379e-01
-3.5802164113e-01
6.7875995856e-01
9.5044719554e-01
5.5373158900e-01
-5.4239014188e-01
4.4271828934e-01
1.3632684598e-01
-4.9501539588e-01
8.9075494602e-01
-8.0498751284e-01
-8.0202820439e-02
-1.0903624542e+00
1.4689495224e+00
-2.6619113618e-01
-1.3706111152e+00
9.8735578198e-01
-6.3038978006e-01
-3.3736450061e-01
1.7417856204e-01
-5.5730877146e-01
-4.1124041440e-01
1.5544094874e-01
-2.1772537090e+00
1.0209364136e+00
-5.0159195959e-01
-4.4720310657e+00
-6.4308417998e-01
4.9616988488e-01
7.6897117368e-01
-6.4566445200e-01
1.3800893907e+00
-7.1309969072e-01
7.3114525386e-01
4.8646415073e-02
1.0952656234e+00
3.7559119647e-04
-5.3998752693e-02
-4.8978256680e-01
-2.2197862717e-01
1.9541442203e-01
2.9694511639e-01
-4.2290297998e-01
-2.1830517107e-01
5.5540154109e-01
3.7305661187e-01
-4.6574079418e-01
-3.2901300133e-01
-9.8929747503e-01
