-5.4423915739e+00
-3.7039935491e+00
-3.3516930848e+00
-3.1295620887e+00
-4.0893263532e+00
-3.8974072386e+00
-3.5105466679e+00
-4.6985931116e+00
-2.8418700386e+00
-4.5892392693e+00
-3.8698088198e+00
-4.6615835059e+00
-3.1688480799e+00
-2.0653109905e+00
-3.1518925482e+00
-3.5553618272e+00
-4.5017850236e+00
-4.6647714996e+00
-5.8959824618e+00
-3.9906006489e+00
-3.8788730237e+00
-4.9307825194e+00
-4.1001370504e+00
-2.1738387840e+00
-4.6259524544e+00
-3.9430598285e+00
-3.5324372341e+00
-3.2718883005e+00
-4.5941245671e+00
-5.3917107397e+00
-2.5264783092e+00
-4.7366810248e+00
-4.6865849987e+00
-4.7142277608e+00
-2.4265589124e+00
-2.6213373493e+00
-2.6917568661e+00
-2.7424023444e+00
-3.3772111681e+00
-2.8130945682e+00
-2.5633330423e+00
-3.1382148604e+00
-2.6479226898e+00
-2.9175351863e+00
-3.1293772006e+00
-1.8480617193e+00
-3.1649470339e+00
-3.8875666583e+00
-1.8041506008e+00
-3.0012508319e+00
-4.6412383388e+00
-3.7673840393e+00
-3.9311890045e+00
-3.7827495501e+00
-3.9598887992e+00
-3.3633775626e+00
-3.4688330843e+00
-3.5561153525e+00
-3.6435910703e+00
-4.9841335543e+00
-3.5378131573e+00
-1.8812444869e+00
-2.1391681724e+00
-3.4142842265e+00
-3.0296250099e+00
-1.8609065261e+00
-2.6367634970e+00
-1.6941927899e+00
-1.3877330470e+00
-2.5656281376e+00
-2.8873004018e+00
-3.6865199945e+00
-3.6279613226e+00
-3.0838590382e+00
-2.6038028830e+00
-2.9636636144e+00
-2.2737410060e+00
-3.4138017326e+00
-1.5606404567e+00
-2.4565365364e+00
-3.4225014896e+00
-2.8752948292e+00
-4.6131981859e+00
-4.7058462756e+00
-4.6605010491e+00
-5.0125917355e+00
-4.3694848041e+00
-3.0408511126e+00
-3.5068514800e+00
-3.1848789026e+00
-2.3284400168e+00
-1.6149695631e+00
-2.0411269740e+00
-2.6204629267e+00
-2.2426880261e+00
-1.0785244449e+00
-1.3619249888e+00
-2.6893840642e+00
-1.3393551509e+00
-1.8865214627e+00
-9.2937933019e-01
-1.8967288148e+00
-2.1652854163e+00
-1.8298914992e+00
-2.3619898919e+00
-1.8416477423e+00
-1.3590149257e+00
-2.5191497172e+00
-2.1237543107e+00
-3.1603058917e+00
-3.3192047239e+00
-3.6745821190e+00
-3.7426578158e+00
-2.0396435281e+00
-3.5316182914e+00
-2.5336190176e+00
-3.1587145222e+00
-4.9470101832e+00
-3.0220377408e+00
-2.2062748115e+00
-3.0670619314e+00
-2.2662711607e+00
-2.4971538188e+00
-7.7066213036e-01
-1.3478207440e+00
-8.2499817942e-01
-1.6725932340e+00
-9.4681649523e-01
-2.2703129399e+00
-1.9593549425e+00
-2.1533002509e+00
-1.7996923779e+00
-2.1384238067e+00
-2.6040761709e+00
-2.1158683704e+00
-3.5643492355e+00
-2.6248852698e+00
-3.1316188747e+00
-2.4373262801e+00
-2.9131322592e+00
-3.6466757399e+00
-3.6419171246e+00
-3.5321132922e+00
-3.0852559109e+00
-2.6124581072e+00
-2.0687303403e-01
-1.7883407770e+00
-1.9361570921e+00
-2.4932910806e+00
-1.6499752762e+00
-1.6270041892e+00
-4.8898847453e-01
-1.1711187758e+00
2.9546174636e-01
-7.3879723276e-01
-1.5540827819e+00
4.2056385320e-01
-8.3964037199e-02
7.1530678639e-01
-1.0014833054e+00
-1.9686788353e+00
-2.2229199025e+00
-2.2101900358e+00
-2.6073519406e+00
-3.0119941509e+00
-2.7437793716e+00
-2.6042064330e+00
-3.4429124706e+00
-5.5643735942e+00
-4.2172372009e+00
-3.6620665526e+00
-2.5512573563e+00
-2.5369766494e+00
-3.1032417128e+00
-1.6634828938e+00
-9.8157350395e-01
-2.2438983173e+00
9.1827231280e-02
3.1816777121e-01
1.1010744122e+00
-1.1543668579e+00
-5.9820252981e-01
3.8367704430e-01
-1.4985927371e+00
-1.3572859902e+00
2.7380731544e-01
-1.6574728381e+00
-3.8025568885e-01
-1.2193564007e+00
-9.4852858985e-01
-2.8513386327e-01
-1.4664160377e+00
-8.3639055252e-01
-3.3014243309e+00
-3.4642277865e+00
-3.3259832806e+00
-3.8369280814e+00
-1.7999905455e+00
-3.4542982479e+00
-3.1198206161e+00
-2.4747143758e+00
-2.0394033399e+00
-2.2151462973e+00
-7.5477369989e-01
-3.0162994571e-01
-8.2721054162e-01
-4.5383474028e-01
1.6933989067e-01
7.5714284833e-01
-2.7972829479e-01
2.8587812483e-01
1.9893093688e-01
2.4836382747e-02
1.0427278475e+00
-1.0609282026e+00
-9.4587165801e-01
-7.8343793213e-01
-1.2988750048e+00
-6.1826627013e-01
-1.4200715666e-01
-2.4154995082e+00
-2.3311964855e+00
-2.1651565894e+00
-4.4784563573e+00
-2.4119646422e+00
-1.7335226147e+00
-8.4433257862e-01
-3.8172000067e+00
-2.6595234678e+00
-1.7276174639e+00
-1.7199512004e+00
-2.2538093939e+00
-8.1349866529e-01
-1.0881446696e+00
-4.9304437889e-01
3.9508076941e-01
-1.0099345880e+00
-3.1225477658e-01
4.6545911359e-01
5.5303158299e-01
-1.4713530958e-01
7.3265099889e-01
1.1012553494e-01
-3.6995313516e-01
-1.4874595180e+00
-5.9291524730e-01
-5.7386398733e-01
-5.8591285499e-01
-2.0029155683e+00
-2.2667416249e+00
-3.0687090460e+00
-2.5057126444e+00
-2.4275048021e+00
-2.5871995971e+00
-9.2938787008e-01
-1.5196602220e+00
-2.4395534491e+00
-2.5567389653e+00
-1.6446369349e+00
-7.4521134967e-01
6.8232361515e-01
-1.3001545331e+00
-4.2846612560e-01
-1.6260774721e-01
-8.1898710009e-01
-9.4153251998e-01
5.0501266510e-01
-3.0792803626e-01
-1.4120706556e-01
-1.6165726863e+00
-5.0153920757e-01
-4.5359438862e-01
-1.2809524165e+00
-9.8450652047e-01
-1.9501479784e+00
-7.3235965986e-01
-2.4406389849e+00
-3.1648103624e+00
-1.9034838944e+00
-4.3174575518e+00
-3.4411888132e+00
-2.6115658769e+00
-2.6494410582e+00
-2.2501260301e+00
-2.1747789414e+00
-1.9825049521e+00
-2.4152104457e-01
1.2567415455e-01
1.3423708661e-01
-1.6558013429e+00
-1.1375364133e-01
-3.4449347527e-01
-1.0507587072e+00
-1.3655344550e+00
-5.7232351933e-01
-1.4046570480e+00
-9.5162365437e-02
-6.5584523471e-01
5.4651064202e-01
-1.0169890915e+00
1.1403616737e-01
-1.9985378426e+00
-2.7032822874e+00
-1.2612411871e+00
-2.2252844029e+00
-2.5989781008e+00
-3.8635728966e+00
-2.5510153934e+00
-2.6885620557e+00
-2.5565613502e+00
-2.2599485487e+00
-2.3141241103e+00
-2.0291101822e+00
-3.8523753933e-01
-1.2751890225e+00
-4.3138583176e-01
-4.3478126681e-01
-1.1310631318e+00
-4.6461430494e-01
-1.7685790222e+00
1.5158225658e-01
-8.4508019666e-02
8.7276913705e-02
-1.1853500438e+00
-2.4421863199e-01
-1.5333185803e+00
-4.8215322458e-01
1.3181272437e+00
-7.5833979023e-01
-3.5034255009e-01
-1.2213313659e+00
-2.3981828948e+00
-2.3787697376e+00
-2.4380460314e+00
-7.1020527309e-01
-3.7672736752e+00
-2.6429530017e+00
-2.9833256269e+00
-2.8962979319e+00
-9.5716833789e-01
-2.0279120719e+00
-7.1691873156e-02
-1.0364690973e+00
-1.5162536681e-01
-8.2269068844e-01
-4.4236131762e-01
-1.2733936480e+00
-7.9032722188e-01
-1.5234037497e-01
-8.3931442853e-01
1.1915950335e+00
6.3815393001e-02
1.1342632057e-01
4.6955797391e-01
8.1265945637e-01
5.3178614453e-01
4.0156922149e-01
-1.2311842916e+00
-4.4644147069e-01
-7.7438519994e-01
-1.9807653482e+00
-2.8325406594e+00
-1.5799149948e+00
-4.0686368792e+00
-4.9126783827e+00
-2.8030385674e+00
-2.6419857151e+00
-2.5527339187e+00
-1.3824668936e+00
-5.8532333443e-01
-4.8088161432e-01
-1.2486027740e+00
-1.5728174958e+00
-4.5984103529e-01
-6.6766733436e-01
-2.0728222705e-01
3.9953025269e-01
1.2129122580e-01
5.2141975118e-01
4.0724890601e-01
3.1881040041e-01
-4.0589317408e-01
-4.4783700292e-01
-1.3994323753e-01
1.3153107957e+00
-5.7125315224e-01
-5.7774607377e-01
-1.3726800841e+00
-1.7404921538e+00
-1.7938680428e+00
-1.5596317142e+00
-4.4615384412e+00
-2.7591497531e+00
-2.5551628828e+00
-2.2275360214e+00
-2.4521471773e+00
-2.4046343935e+00
-1.8965209624e+00
-1.1505614293e+00
3.4772946528e-01
4.7117326192e-01
-1.0633770689e-01
-6.9758299896e-02
4.3853760850e-01
-2.8393203855e-01
-2.0617978593e-01
-2.4605041061e-01
-1.0149973600e+00
4.7524328925e-01
-8.8156378878e-01
6.6682377749e-01
-2.1279640266e-01
-1.2518694846e+00
-1.8857237198e+00
-8.0081684316e-01
-1.0190387629e+00
-2.0321777139e+00
-1.6363015586e+00
-2.0898798875e+00
-3.7527163589e+00
-4.0807454759e+00
-2.4801376055e+00
-3.1381746281e+00
-2.5901284136e+00
-1.5035041464e+00
-2.0169490153e+00
-9.5283933393e-01
1.5546697346e-02
-2.6682897479e-01
2.8415264283e-01
-6.9823560913e-01
-9.2114255482e-01
8.8900010366e-01
-1.3554689335e-01
4.8899583659e-01
1.4518284375e+00
7.8049240628e-01
-5.8244815561e-01
1.3324090242e-01
1.1407436406e+00
-1.1413370105e+00
3.4768328854e-01
-1.4802599652e+00
-1.7022517443e+00
-1.8687089249e+00
-3.5049533908e+00
-2.3110503421e+00
-2.0057234370e+00
-4.1168484942e+00
-3.0852219768e+00
-2.2396344440e+00
-1.0923549124e+00
-1.7391501599e+00
-2.4827325355e+00
-1.0545053799e+00
-4.3331307986e-01
-1.3250876423e-01
-3.4575865556e-02
-1.0861408931e+00
-1.4069961319e+00
5.1437423261e-01
5.8824430952e-03
-5.8438245779e-01
-7.8489742663e-01
6.9501910608e-02
2.5682565598e-01
6.2308387784e-01
2.7897627996e-01
3.7946699038e-01
-6.2872480211e-01
-1.9376177705e+00
-1.7227808814e+00
-2.5763943975e+00
-2.2092720774e+00
-1.3425362269e+00
-3.3768796657e+00
-4.5378384107e+00
-2.7550230223e+00
-3.8206449407e+00
-2.7662851812e+00
-7.7721651974e-01
-1.8116352991e+00
-5.4342595370e-01
-2.5045015967e+00
-1.1615705039e+00
7.3740732245e-01
1.8348005327e-01
-9.3686661694e-01
-2.5887810191e-01
-1.9050752397e-01
-1.0813528134e-01
-7.8351383242e-01
-5.2406767437e-01
-5.1710493968e-01
-3.4485079167e-01
-1.9705814091e-01
-9.6530002682e-01
-7.7766873378e-01
-1.2775009482e+00
-1.7502161350e+00
-1.0844785177e+00
-1.3818480905e+00
-2.2940426859e+00
-3.8987801870e+00
-2.5902429274e+00
-3.0992636925e+00
-3.0116904723e+00
-2.6160978706e+00
-1.5164758832e+00
-1.4488014107e+00
9.4144187810e-01
-1.7465920241e-01
7.5926610049e-01
-3.8521541968e-02
1.1859387197e+00
-2.0589448549e-01
-6.5907409621e-01
-5.3749082193e-01
-2.9579025861e-01
-1.1805388012e+00
1.1686962614e+00
-4.7147517763e-01
-6.9389282768e-01
-5.6360438654e-01
-9.9077320786e-01
-5.3566354859e-01
-1.4711129660e+00
-1.7125711233e+00
-2.9714633047e+00
-2.7614492709e+00
-2.9299741401e+00
-2.6519821035e+00
-3.3343826216e+00
-1.8019373453e+00
-1.8632542507e+00
-2.9468944929e+00
-1.3361755562e+00
-8.7089021746e-01
-1.9065381182e+00
-6.0935378378e-01
-7.5606498177e-01
-2.6637547511e-03
5.5596145020e-01
-1.0683225732e+00
-2.7637610147e-01
-5.0554130048e-01
1.9288856970e-01
-5.6318250391e-01
3.1967112451e-01
-4.8516998500e-01
4.6880414920e-01
-4.3261026052e-01
-5.7887026131e-01
-2.0990806027e+00
-2.7484121897e+00
-1.4639190119e+00
-2.6313543286e+00
-2.6978079786e+00
-2.6719439519e+00
-2.0951573418e+00
-4.8672352295e+00
-2.8488018478e+00
-3.4178992500e+00
-3.0130553443e+00
-9.0446239147e-01
-7.0673820875e-01
-1.5208234751e+00
-1.6487789263e+00
-1.7234026069e+00
1.6396012466e-01
1.2047506090e-01
-3.6575268030e-01
4.0995061197e-01
-3.7532929211e-01
3.2329087521e-02
-4.5377490445e-01
-2.0765386895e-01
5.0794162078e-01
-6.5871352334e-02
1.9743874871e-01
-1.0683845793e+00
-1.2872976784e+00
-1.1311944046e+00
-1.4166038428e+00
-2.2506616332e+00
-2.5263292732e+00
-2.9499968542e+00
-3.3444195292e+00
-4.6682501796e+00
-2.8081139696e+00
-3.1424907252e+00
-1.7981208639e+00
-2.0379605792e+00
-9.6997012551e-01
-2.4096032574e+00
-7.5859168630e-01
-6.0977624880e-02
-3.4597862986e-01
-4.6047445252e-01
-5.0036037292e-01
-1.3137568637e-01
7.1412524710e-01
9.2434031604e-01
6.2018623843e-01
1.4279108961e-01
-4.7316630010e-01
-5.8824267979e-02
-8.8536152614e-01
-1.0167271606e-01
-3.9250816122e-02
-6.7345233226e-01
-1.8431590093e+00
-1.2887623128e+00
-3.0804412182e+00
-4.4672968698e+00
-2.2683053864e+00
-5.2981871446e+00
-2.8171236996e+00
-1.2035112653e+00
-1.9689395661e+00
-3.6783434869e+00
-1.3376378545e+00
-9.9950936236e-01
-1.5036206470e+00
-1.6059158532e+00
-2.6836352843e-01
-8.5360724916e-01
-4.1635654487e-01
-2.9586864087e-02
-2.7103473474e-02
-8.7212393996e-01
-9.9409478325e-01
-4.4741272640e-01
-1.4254057600e+00
-1.5547123377e+00
-2.0293355958e+00
-1.4084076312e+00
-9.1993929335e-01
-1.3818086112e+00
-2.1273434440e+00
-1.0286127807e+00
-3.2969326373e+00
-2.8619471690e+00
-4.6314711639e+00
-3.4452690794e+00
-4.6431632875e+00
-1.8281618799e+00
-3.9910453287e+00
-1.5276759953e+00
-2.2463760412e+00
-1.3592111503e+00
-4.1628201244e-01
-1.3561365126e+00
-4.2121962364e-01
-1.0969133269e+00
-7.1590297722e-02
-1.1305768821e+00
-1.6287864147e+00
-8.3648526026e-01
-8.0352435198e-01
-4.6035349616e-01
-1.3213207855e+00
-1.8243711288e+00
-1.9315103693e+00
-1.4918159755e+00
-2.5751978593e+00
-2.0894114240e+00
-1.0603713751e+00
-1.8229996486e+00
-2.5269784659e+00
-3.6125704447e+00
-4.8424378508e+00
-3.4674938233e+00
-4.5340532455e+00
-3.3966146105e+00
-2.8532246107e+00
-2.8029978186e+00
-1.6924493099e+00
-1.6845048823e+00
-1.5057721528e+00
-2.0694790562e+00
-1.5416425815e+00
-1.1308020494e+00
-1.7381093790e+00
-1.6505756863e+00
-2.1314973121e+00
-9.5780729061e-01
-1.7151975604e+00
-1.9222119154e+00
-1.3109632522e+00
-3.1173235798e+00
-1.3587955397e+00
-1.2318550700e+00
-2.4950734554e+00
-1.7910336967e+00
-2.5598119822e+00
-1.8521811668e+00
-2.5650500346e+00
-2.3123271989e+00
-2.8958931696e+00
-3.7003387070e+00
-3.9657633183e+00
-2.8982681629e+00
-2.4828442615e+00
-3.0061439222e+00
-1.5029222808e+00
-4.1095294101e+00
-1.6265112120e+00
-2.6146159058e+00
-2.3591799918e+00
-2.8477534484e+00
-1.4777630316e+00
-2.6682725388e+00
-2.8697188199e+00
-2.9610816474e+00
-1.4096568561e+00
-1.4221790119e+00
-3.1863733265e+00
-6.6302506099e-01
-2.7752379919e+00
-1.6385023839e+00
-3.1677262636e+00
-2.4141138919e+00
-2.3306048929e+00
-3.5467367524e+00
-3.6324597240e+00
-4.4677713698e+00
-2.8294234082e+00
-3.2424503759e+00
-3.2249168156e+00
-4.5274973957e+00
-5.3493823211e+00
-3.3347490373e+00
-3.0308287720e+00
-2.6196806509e+00
-3.4274702077e+00
-3.9035598608e+00
-2.9759050929e+00
-4.8094604384e+00
-3.3313078018e+00
-4.9975869853e+00
-2.6955306253e+00
-1.7996036273e+00
-3.5689607198e+00
-2.2193231001e+00
-1.9516097168e+00
-3.5567737517e+00
-2.6591943592e+00
-1.0409537637e+00
-2.7125100011e+00
-1.4474546079e+00
-3.7720421591e+00
-4.4120222284e+00
-3.6815106710e+00
-5.5077899674e+00
-4.1616910434e+00
-3.7603882295e+00
-2.5053718889e+00
-4.6138511637e+00
-5.0557298542e+00
-1.8858803536e+00
-2.0707216482e+00
-2.4503374974e+00
-2.4000712809e+00
-4.4698727226e+00
-4.0328172162e+00
-2.4300617907e+00
-1.7159398193e+00
-3.1744238270e+00
-2.5482137107e+00
-3.9176371693e+00
-3.6472822881e+00
-3.1688774049e+00
-3.9040397789e+00
-2.8096479637e+00
-2.3052644862e+00
-2.7399297527e+00
-2.6042810854e+00
-2.3183328708e+00
-4.4489551617e+00
-3.9314818097e+00
-4.1628276699e+00
-4.5913878737e+00
-3.6551381864e+00
