3.5566467126e-01
5.5232211234e-01
1.4201054724e-01
1.7065752263e+00
6.2966675073e+00
-2.5079943604e-01
-6.6481298103e-01
-2.7591458721e+00
-1.6589555516e-01
1.1855693478e+00
-2.0704922953e-01
-1.5725452960e-01
-1.9723038226e-01
1.8299640317e+00
6.3367409346e+00
-2.4145590508e-02
-8.7604404444e-01
-7.1001593754e-01
2.3187736602e-02
-6.6189014281e-01
7.1722266504e-01
-5.9912669047e+00
-5.8528621368e+00
7.9685518446e-02
-9.3228123597e-01
-2.2989547823e-02
4.6014650400e-03
-6.7501596326e-01
1.6858806988e+00
5.9861517911e-01
-3.2490748909e-01
5.0033809491e-02
8.8706177695e-01
5.5060976633e-01
9.3653345153e-01
1.5342030643e-01
-4.8500937270e-02
-1.3302633933e-01
3.0636325621e-01
2.4637043279e-01
-5.4272940950e-01
-1.6258513412e+00
-6.3246958045e+00
-1.1556057775e-01
-7.5565178232e-01
-6.0745263900e+00
-8.0543402649e-02
-6.4849499239e-01
7.5088139861e-01
-6.1280714062e+00
4.3829414166e-01
-5.6546310778e-01
8.1109882116e-02
2.8630382010e-01
-4.4828552524e-01
-3.7510023118e-01
1.0757056666e+00
1.0362325813e-03
-2.5898346069e-01
2.3666471524e-01
-2.9090469246e-01
-3.4352793852e-01
-2.8882260943e-01
-3.7005783665e-01
5.8183951824e+00
-5.4945552394e-01
-5.2133415050e-01
-2.0473280518e-01
-2.9227611877e-01
1.7397673850e+00
-4.6963259435e-01
1.0075888673e-01
1.2978451751e-01
-2.8349547805e-01
6.5057393482e-03
-4.6549299442e-01
4.9205229747e-01
-1.9615230381e-01
-3.1888485414e-01
2.6391031857e-02
1.9886491892e-01
1.1029945688e-01
2.1221645687e-01
-8.1833376374e-02
7.9207824806e-02
-1.3791722120e+00
-7.0499692763e-01
9.9369843902e-02
5.8116945540e-01
1.8489537146e+00
-1.6289775030e-01
-3.9855116635e-02
1.5586517639e+00
-2.6054918549e-01
-2.7959077063e-01
1.3983081609e-01
-2.7158571905e+00
1.0384720945e+00
-9.4359745716e-01
1.6448668803e-01
-8.3722509797e-02
2.3228248378e-01
-3.9631693231e-01
3.0878977801e-01
2.5442308518e-02
-1.7103814520e-02
6.1820499287e-01
-5.1397931244e-01
4.5410758417e-01
-1.7492713262e-01
3.0773065886e-01
-7.7015940738e-01
1.0278579362e+00
-1.6824613237e-01
-6.2641444273e+00
-9.4631650119e-01
1.9300477965e-01
5.6618091420e-01
-6.5000605091e+00
-1.3242115363e-01
9.8262466930e-01
-1.8395325107e+00
-1.3644787558e-01
-4.0326568663e-01
4.0654277751e-01
1.8612443202e+00
-1.8626765040e+00
1.3379476241e-01
-5.4502006790e-01
1.3028314804e-01
6.2855858402e-01
-2.6063209314e-01
-1.1990131359e-01
9.6181558167e-03
5.0237837916e-02
-2.0001643437e-01
-9.4502516090e-02
-2.5570665356e+00
3.7940433317e-01
1.9506866562e-01
3.0543197738e-01
-4.1372753026e-01
3.1335516696e-01
-9.1160938188e-02
-2.0684679501e-01
1.4710590436e+00
1.0686338607e-01
5.6681648983e+00
-7.8268663277e-02
-2.5486549347e+00
3.4247351577e-01
-1.0757898941e-01
8.0849062655e-01
1.1378460379e-01
1.2849639154e-01
-1.3810018756e+00
