9.4701926507e-01
-2.5929483571e+00
-1.3906082627e+00
2.1703014296e-01
2.6950192429e-01
4.7417765561e-01
-7.0710981003e-01
-4.0289824852e-01
-1.0083500239e+00
-9.9152644658e-01
1.8751065799e+00
2.9363568050e-01
-5.0880455812e-01
-1.4646593538e+00
2.3760652121e-01
-5.4940497582e-01
6.0251734221e-01
-8.1831224144e-01
-1.0141468418e+00
1.7672701544e+00
3.8007229017e-01
-1.2674341181e+00
-3.7606070801e-01
6.1018547401e-01
-2.0832817753e-01
1.1595617774e-01
-3.9520789544e-01
3.4322330277e-02
5.1159828983e-01
1.2091407475e-01
-2.0565772488e-01
-1.2336591568e+00
5.1926546984e-01
9.7496627338e-02
5.0717565931e-02
2.2943948949e+00
3.4744473362e-01
9.8820832233e-01
1.6833927976e+00
-2.5908721336e+00
-5.7599701302e-01
6.1433505849e-01
-2.6713364829e+00
-1.5318146802e+00
6.0773495337e-02
1.1135598041e-01
7.2235191023e-01
-1.2740886444e+00
-3.1722918127e-01
6.8843441809e-01
-1.1977521189e-01
-1.4292521740e+00
1.0068143711e+00
1.9883936639e+00
-1.1900351910e-01
1.9382159844e+00
-1.5734355776e+00
-2.0686895008e-01
-3.6320245736e-01
2.7266075149e-01
1.6418019697e-01
