9.6990223875e-01
6.3229948983e-01
-3.9352039232e-01
2.2986342383e-01
-6.0761511972e-01
-1.8470995280e+00
8.3452313186e-01
-5.4931071030e-01
-7.1133695320e-01
1.1381147104e+00
6.1882171799e-01
-6.1592214197e-01
-1.4073956725e-01
6.6942429449e-01
5.2169510717e-01
-3.9454977168e-01
5.3728077697e-01
-1.6108056266e-01
6.3887659234e-01
1.9458544460e-01
1.0037825882e+00
-2.8116961099e+00
3.0833442081e-01
6.5922416253e-01
2.7728423283e-01
-3.1409658198e-01
-4.3725831063e-01
-1.3199311512e-01
-1.7021325736e-01
1.2118302608e+00
-1.0075405985e+00
2.2953368391e-01
-1.3292924024e+00
4.2208930412e-01
-6.4880929044e-01
7.8521353911e-01
1.0467903340e+00
6.0400996315e-01
-2.6776698921e-01
-5.6154327797e-02
-6.4450632681e-01
-3.9018919150e-01
-9.1365927328e-01
-2.1436617087e+00
3.7519619234e-01
6.1718351219e-02
9.6159344964e-01
7.4461691051e-01
9.3131175398e-02
2.0750251385e-01
-4.9125882433e-01
1.6005609606e+00
1.0461244281e+00
-1.5457448229e-01
-1.0294484403e+00
-8.4068582122e-01
2.4501462711e+00
1.3972517079e+00
1.0808656462e+00
-1.6143617543e+00
-1.6829289735e+00
