7.7576075523e-01
1.0811068274e+00
-7.9027417833e-01
-2.1863602350e-01
-3.3304652234e-02
-1.5378110950e+00
7.6714609924e-01
1.5746673177e+00
1.0966854907e+00
6.1497616583e-01
8.0390913390e-01
5.6459051122e-01
-1.2675955311e+00
-4.5722580310e-01
-9.6938003731e-01
1.8664019134e+00
-2.6025404861e+00
1.1212440584e+00
1.1611961280e+00
7.5385481768e-03
1.5825313383e+00
-6.2594737873e-01
-4.7051111875e-01
-3.1796567704e-01
-1.8559687400e-03
1.6201714004e+00
-7.8545209571e-01
1.3385461690e+00
-3.6851602437e-02
-1.9466856825e-01
1.0502763426e+00
-5.3188496837e-01
1.0314033521e+00
5.5673311353e-02
9.6893425064e-01
9.6798051225e-01
-7.9845651768e-01
-5.7769234710e-01
-1.7133492010e-01
-9.8036888131e-01
-8.3533242827e-01
-5.0674916153e-01
4.6795725526e-01
-8.4823828650e-01
4.0980570032e-01
-8.7991687008e-01
-5.4484595125e-03
8.1029733320e-01
-1.9535449252e+00
9.1952761618e-01
8.9168191445e-01
1.1882983482e-01
-4.4952698424e-02
5.7438641255e-01
-1.5081510045e-01
7.1892610761e-01
1.0251693179e+00
1.1812429933e+00
-1.5214779061e-01
6.0723214278e-01
-2.3680857373e+00
-1.2236421875e+00
1.3404773121e+00
-1.9053412005e+00
5.7347781551e-01
-2.1902557757e-01
-3.6813780433e-01
-7.3952465260e-01
-1.2316521247e+00
9.8218790620e-01
9.0274472735e-01
2.4553934647e+00
3.3196342569e-03
1.8930405880e+00
1.3263496344e+00
1.3747804706e+00
-1.2385335478e+00
-3.2673811638e-01
-2.9821457360e-01
6.7942639252e-01
-1.4741408462e+00
-5.6968678477e-01
1.6363134270e+00
3.5769990730e-01
1.3541870520e+00
8.8981332711e-01
-6.5425629368e-01
-1.1830123998e+00
1.1843983400e+00
-8.5836459191e-02
9.4770357955e-01
1.5352647574e+00
6.2242902426e-01
-1.3627263448e+00
1.5441204118e+00
1.7349441025e+00
8.9770242318e-01
5.1987630276e-01
1.1166048954e+00
-1.5485859858e-01
8.6424526241e-02
7.9682994206e-01
-4.3273443049e-01
-9.2316379787e-01
-4.0719531071e-01
8.6818729055e-01
-6.6556745977e-01
1.1206370053e+00
-5.5789593384e-01
-6.8574153721e-01
-1.6256979213e+00
-8.4824337721e-03
3.0201622349e+00
9.6963435778e-02
-2.3197033547e-01
-4.5582179566e-01
3.1823611132e-01
1.0416706465e+00
8.4191979596e-01
-5.4121670528e-01
2.0163101378e+00
8.0731513489e-01
-9.2909759886e-01
5.9564935786e-01
-6.3003642288e-01
-1.1842096696e-02
-5.1107016747e-01
1.3796812937e+00
7.8677724028e-01
1.2726562041e+00
1.5364841671e+00
9.5984439218e-01
-1.1099834748e+00
2.8446782278e+00
-2.5493024490e+00
-1.6819903370e+00
1.8515644879e+00
3.3879897971e-01
-8.1847707061e-01
-1.4695597883e+00
1.7677488803e+00
-1.4350040499e-01
-4.0158163577e-02
-5.9212984555e-01
1.6833091712e+00
-7.2920604158e-01
-1.1122631357e+00
1.0901408668e+00
4.5118367248e-01
-8.4921586161e-01
-1.8365908538e-02
-4.1481111931e-01
-4.3152740890e-01
-3.0276404075e-01
-3.7689949499e-02
8.4243318276e-01
