-1.6892783813e+00
-4.2524993093e+00
-3.4892859721e+00
-1.0251319888e+00
-1.7932947043e+00
-3.3796967679e+00
-2.3230416959e+00
-1.8849556157e+00
-2.0440821507e+00
-3.4664594457e+00
-4.0805941551e+00
-2.9626719287e+00
-2.0405568951e+00
-2.5818207095e+00
-1.9782217483e+00
-2.9133319142e+00
-2.4569951148e+00
-3.4666233947e+00
-1.6855321608e+00
-1.9505594343e+00
-5.9665775983e-01
-3.2978801645e+00
-4.0678554528e+00
-1.6258152678e+00
-3.1116952676e+00
-1.8145442230e+00
-3.7508765205e+00
-3.2173482568e+00
-8.4358634524e-01
-8.1695845528e-01
-3.8986764056e+00
-3.3347941055e+00
-2.4559216491e+00
-2.4602379187e+00
-2.3602372284e+00
-2.1364058911e+00
-1.3323722642e+00
-2.6124080266e+00
-1.6912507257e+00
-3.3752581405e+00
-9.0049615900e-01
-2.5793801159e+00
-1.4208290245e+00
-1.7375082323e+00
-9.6760921110e-01
-1.7260733965e+00
-2.3631351650e+00
-4.7971721718e-01
-6.0546743446e-01
-2.2438203000e+00
-1.0484049032e+00
-2.9143908764e+00
-2.4556192179e+00
-2.9025026926e+00
-9.5138517993e-01
-1.6563965174e+00
-2.9994286074e+00
-3.2663399781e+00
2.6160190436e-01
-3.1108077769e+00
-2.3177928806e+00
-1.9046429519e+00
-1.3428375097e-01
-8.6539226043e-01
-2.4239959999e+00
-1.2699400717e+00
-1.2941559851e+00
-2.7763288422e+00
-1.1737592693e+00
-1.7362814898e+00
-2.7383465806e+00
-1.9640094472e+00
-1.4319622512e+00
-2.5146433896e+00
-1.6804201317e+00
-1.3292218315e+00
-2.2459120944e+00
-3.3336332037e+00
-7.6197939020e-01
-1.3829746504e+00
-2.1800386200e+00
-1.3237126261e+00
-3.4961625270e+00
-2.5377407617e+00
-2.6904278161e+00
-2.8106424916e+00
-3.2841207663e+00
-2.2830035456e+00
-1.9346217831e+00
-2.3895762021e+00
-2.8075799681e+00
-1.4041470140e+00
-1.6218262471e+00
-1.9213250698e+00
-1.4784296614e+00
-2.5862701563e+00
-1.2124735177e+00
-1.3407256771e+00
-5.0106999555e-01
-1.0039732797e+00
-1.3314948627e+00
-1.6734454631e+00
-2.0895739086e+00
-1.1043803950e+00
-5.1257041291e-01
-2.5653136152e+00
-3.5350685309e-01
-2.4152777242e+00
-2.9786795843e+00
-2.3164574608e+00
-3.7857858504e+00
-3.6381826146e+00
-3.0584549318e+00
-2.4231579699e+00
-2.4798920259e+00
-1.8053585955e+00
-2.6081452139e+00
-1.3591374970e+00
-2.9314241947e+00
-1.8492304880e+00
6.2107693782e-01
-1.8769528721e-01
-2.8729904733e+00
-2.4040655644e+00
-4.9977935053e-01
-2.0029652941e+00
-1.4257224496e+00
-1.3296264268e+00
-9.0352149062e-01
-6.6087909770e-01
-2.1258281968e+00
-1.0843902930e+00
-1.2685632718e+00
-1.0899995034e+00
-1.5697452004e+00
-9.4148147627e-01
5.5277321317e-01
-3.0731310865e-01
-1.8059113214e+00
-3.4469391973e+00
-3.0461271241e+00
-1.7996493885e+00
-1.6082833510e+00
-1.6013439593e+00
-5.0656543050e-01
-1.2554430251e+00
-2.1297919169e+00
1.5360171994e-01
-7.6511775480e-01
-5.5946080352e-03
-6.5181834497e-01
6.8266557758e-01
-1.2582524746e-01
5.5004024255e-01
-7.5951006249e-01
-8.4267756308e-01
-5.3627620838e-01
-9.5288727011e-01
-1.9405005409e+00
-1.1476145076e+00
-4.1236047168e-01
-9.7997581924e-01
-2.0811359305e+00
-7.0924460739e-01
-6.9405250627e-01
-1.0034050022e+00
-2.9000981466e+00
-1.8008337361e+00
-3.8798915221e+00
-2.7670343699e+00
-9.7778552218e-01
-2.5511654333e+00
-1.2855795578e+00
-9.5073684884e-01
-1.8643140502e+00
-8.6251723067e-01
-2.0858841080e+00
7.9508169736e-01
8.6435986550e-01
2.6306073715e-02
7.6327416337e-01
-7.5943057465e-01
6.4000034674e-02
4.1141271903e-01
6.2965677977e-01
2.3499934146e-01
1.7231454179e-01
-1.9489199875e+00
-4.2281862914e-01
-8.1032558508e-01
-1.2919933267e+00
-4.6592490273e-01
-3.0923528898e+00
2.6724336666e-01
-1.8656396664e+00
-6.7946383640e-01
-1.3256028450e+00
-1.0777956656e+00
-2.2308783398e+00
-1.4804374320e+00
-6.6184772113e-01
-9.6732056376e-01
-1.8442525949e+00
-9.0141948886e-01
-2.1698926652e-01
5.6025693509e-01
-6.5026332541e-01
-3.4855914225e-02
3.8064095327e-01
6.9220434694e-01
-1.6798638949e-01
-9.3377589583e-01
-3.0653545144e-01
-9.6620215942e-01
-3.6866860379e-01
1.3928241547e-01
1.3993997963e-01
7.7010174545e-01
-1.3324827935e+00
1.2493701684e-02
-4.0850250530e+00
-1.8107037918e+00
-1.5302942669e+00
-2.3070974586e+00
-9.6439547894e-01
-1.5280300803e+00
-1.3178872155e+00
-2.4344859540e+00
-2.9265810003e-01
-4.3908948893e-02
-3.4119972384e-01
-8.5247079126e-01
-2.7246189571e-01
-1.5354958092e+00
-9.8488479643e-01
7.7720743992e-01
-1.2622743465e+00
1.9263193467e-01
4.7428162528e-01
-6.5373887368e-01
-9.1947108091e-01
-1.5379786662e-01
-2.7883497844e-01
6.1820848327e-01
-5.2833233829e-01
4.8475632685e-01
-5.3596329914e-01
-6.2218228452e-01
-1.5723187105e+00
-1.4037080628e+00
-1.6314226760e+00
-2.9577139023e+00
-1.4759986460e+00
-2.2329792748e+00
-2.3415502062e+00
-1.5214806839e+00
-1.4257601473e+00
-1.8678597108e+00
-1.4830319920e+00
-4.8078824477e-01
-9.7861219215e-01
1.9105068770e-02
2.1638631273e-01
-1.6265938232e-01
-1.9173328001e-01
-6.6138609617e-01
-4.2050188802e-01
-7.1768759777e-02
-1.1157543431e+00
-5.5986037047e-01
5.3348065416e-01
1.2457995414e+00
1.9771461350e-01
5.8736035902e-01
-2.6466623153e-01
-1.2336002536e+00
-2.0761099098e+00
-1.1467689057e+00
-9.7693225518e-01
-1.8531602687e+00
-1.0686121883e+00
-6.7055754316e-01
-2.2435970579e+00
-1.6439260161e+00
-1.6202154697e+00
-5.0193312556e-01
-3.2757082957e-01
-7.5201159217e-01
-1.8736190845e+00
1.0753496396e+00
-9.4957404171e-01
-3.1360955981e-01
6.6166337545e-01
2.3062802553e-01
-1.3820919355e+00
1.0275202852e+00
1.4742194962e-01
-5.6901197219e-01
1.0951558385e-01
1.7357196066e+00
-4.1082114305e-01
-1.9687136213e+00
-7.6992758481e-01
-1.2721887567e+00
7.9804429718e-01
-1.5454269265e+00
-1.2519925383e+00
-2.5059768872e+00
-7.2706479017e-01
-1.1686904366e+00
-1.0909518912e+00
-2.0215712913e+00
-7.6960880544e-01
-1.2612484656e+00
-1.4670548206e+00
-5.3418766949e-01
1.0436211032e+00
7.1866439228e-01
-3.8650959368e-01
-6.4979820840e-01
-1.4142674789e-01
-6.0547531381e-01
-3.7934662037e-02
-8.4973718796e-01
2.4995722883e-01
-8.2296921125e-01
9.9493562763e-01
-1.2423823374e+00
2.0979826367e-01
-2.0632520381e-01
8.0029849686e-01
-2.6697843767e+00
-1.0434678321e+00
-1.8266048518e+00
-1.0284694475e+00
-1.9394842064e+00
-1.5724874731e+00
-2.2686164021e+00
-3.7255183661e+00
-1.0340703151e+00
-1.0089385371e+00
-1.2628006049e+00
-1.1587957380e-01
3.3338519668e-01
-1.1884981407e+00
-4.9604748297e-01
-1.6072659124e+00
4.1720858147e-01
-1.1236816698e+00
-4.0424400896e-01
-2.9349491736e-01
8.7537512373e-01
5.3088509388e-01
2.6546467441e-01
-1.4028042390e+00
-2.3451835484e-01
-9.6152720261e-02
4.5686949810e-02
-1.2070354695e+00
-2.5969437104e-01
-1.8287893565e+00
-3.2573797404e+00
-4.5389622276e-01
-1.2897465130e+00
-3.6591396469e+00
-6.9509848280e-01
-2.0149757336e+00
-5.7285895140e-01
-1.0046686939e+00
-1.3862252335e+00
-1.3837279707e+00
-3.4286322980e-01
-1.4350254109e+00
5.8959955552e-01
7.2143778878e-02
4.5661394352e-02
-1.0904704516e+00
7.0943232672e-01
-2.0975161971e-02
4.9042801967e-01
9.5338394539e-01
-7.1231452770e-01
9.8356418890e-01
-2.1541702000e-01
1.0230603940e-01
-7.1326403175e-01
3.2877920676e-01
-9.5701173312e-01
-2.3700252921e+00
-2.3059807340e+00
-8.6209881788e-01
-1.5182714789e+00
-2.7142625724e+00
-2.6104862312e+00
-5.4083708651e-01
-1.5787232774e+00
-1.7074518885e+00
-2.6580349091e+00
4.1177563835e-02
-1.2999888147e+00
-1.8430211511e+00
-5.4481396676e-01
-1.1808645799e+00
1.6397465601e+00
-9.3339457345e-01
5.9624043652e-02
7.3661935193e-01
2.8258435137e-01
-1.2532297766e+00
-4.9890347188e-01
-1.5076988683e+00
-5.7777539506e-01
-5.8269642234e-01
-1.4255152902e+00
-2.5887246829e-02
-7.2550958508e-01
-1.0154657619e+00
-2.4781388369e+00
-2.0153331117e+00
-1.7119875854e+00
-1.4415924364e+00
-2.7256150797e+00
-1.1073437144e+00
-2.2935336849e+00
-1.0522721265e+00
-1.2388924054e+00
1.8348545097e-02
1.3706230122e-01
-1.1417915176e+00
-2.8998451240e-01
-9.6873354944e-01
3.5647817983e-01
4.8955261145e-01
-1.3529007342e-01
-1.0336187867e+00
-4.6990152654e-01
2.8286392242e-01
9.3994320691e-02
-1.4060282412e-01
-4.7327728087e-01
-1.3842155524e+00
2.2419901392e-01
-9.5481405266e-01
4.5518852633e-01
-2.0327822366e+00
-5.0944343238e-01
-3.3392657738e+00
-1.5762039371e+00
-2.6794123533e+00
-3.0844262119e+00
-1.5284139743e+00
-3.2507623023e-01
-2.0840376876e+00
-3.8581644353e-01
1.8896725570e-01
4.2999346056e-01
-1.1397105135e+00
8.5285412305e-01
-2.5112967815e-01
-9.1449872423e-01
-7.2892936076e-01
3.1247149469e-01
-7.4079799110e-01
-1.5087879654e+00
-5.6255021598e-01
-2.9198056827e-02
-8.4308646396e-01
-4.9701550051e-01
-6.5821992745e-02
-6.4217447376e-01
-1.2542217576e+00
7.2075576070e-02
-1.8178544362e+00
-3.1823825550e-01
-7.1733405672e-01
-4.7165531040e-01
-3.0446643825e+00
-2.3513359297e+00
-6.4300168417e-01
-9.9844091097e-01
-1.1606203422e+00
-8.8412996205e-01
-8.3957302535e-01
5.7003655477e-01
6.1201168263e-01
-1.0476283853e-01
-4.2895755585e-01
-6.2254847212e-02
-1.6047001161e+00
-1.6047084676e-01
-9.4367398608e-01
-5.7843186607e-01
-1.5193505680e+00
-1.9000750691e+00
-4.5915257479e-01
-1.0559443018e-02
4.7301221783e-01
-1.0827095647e+00
-6.9226452417e-02
-8.4708520703e-01
-1.6851404397e-03
-2.4970038102e+00
-1.2287437710e+00
-2.1711047530e+00
-1.4363312492e+00
-2.6185071632e+00
-1.4020825194e+00
-1.6059881427e+00
4.4576607597e-01
1.4254425276e+00
5.7561525674e-01
-1.5237440176e+00
-1.2045933675e+00
-5.5893141252e-01
9.6065373675e-01
-1.3781644300e+00
3.3803148056e-01
-3.6981750353e-01
-9.6014911713e-01
1.0693544758e+00
-8.4916440685e-01
1.8896326036e-01
-1.1305516472e+00
-1.6317666221e-01
-2.1862636334e-02
-3.5812357411e-01
-3.6230936201e-01
-9.6469923923e-02
-1.5842790670e+00
-2.2020149354e+00
-1.9864942219e+00
-2.0632824836e+00
-3.6578886511e+00
-2.1600697541e+00
-2.1331075477e+00
-2.8127729198e+00
-1.8278010000e+00
-1.6276679012e+00
-4.8113470578e-01
4.6662234622e-02
4.4136206413e-01
1.1153964149e+00
4.1397512383e-01
9.6724588937e-01
-1.4842746914e-02
-1.0899295550e-01
1.3898026052e+00
4.6050422536e-01
2.0714571024e-01
1.5494776889e+00
3.9918113727e-01
-1.2827508601e-01
-9.5182507422e-01
6.0403272336e-01
-2.2538296165e+00
-9.9634843655e-01
-1.6151778347e+00
-2.3061297875e+00
-2.4180460163e-01
-1.8352162029e+00
-2.5013716446e+00
-3.7062723788e+00
-2.0639311307e+00
-1.4130394320e+00
-6.1759919943e-02
-1.2552992562e+00
-1.2065491271e+00
-6.9795149020e-01
-2.0072838926e-01
1.4810823221e+00
6.0914914154e-01
-4.3747262842e-01
1.1547841322e+00
-1.1531411812e+00
-1.0107941692e+00
-1.1539502962e+00
6.1714409229e-01
-8.1208924416e-02
-1.3954480270e-01
-3.7903894536e-01
-2.0243537727e+00
-1.8721908337e+00
-3.8234237261e-01
-1.3260773398e+00
-1.4421530601e+00
-1.2529600028e+00
-1.2933881613e+00
-2.9568415611e+00
-2.5166504674e+00
-1.3011856101e+00
-1.2849422974e+00
-2.3555332033e+00
-1.0864209703e+00
-1.9567960432e+00
7.7348171158e-02
1.2087271275e+00
6.7932049215e-02
-1.7828324336e+00
2.7427345862e-01
2.1086989200e+00
1.1091372206e+00
3.7294641807e-01
-1.8337460657e-01
3.2758133374e-01
1.2744027793e+00
-1.1743567536e+00
-8.6208075527e-01
1.0179646614e+00
2.2965433799e+00
6.0026518767e-01
-1.6550404252e-03
-5.4908525454e-01
-7.1816972499e-01
-1.9759209504e+00
-1.7126393663e+00
-3.4044802982e+00
-2.8160951737e+00
1.8798251960e-01
-3.3560087590e-01
-1.6871299944e+00
4.1368883209e-02
-5.7762643516e-01
-1.4839152121e+00
7.1447336813e-01
-1.0018038138e+00
-2.6325392610e-01
-1.6294364087e+00
-7.3923382684e-01
1.0219865435e+00
-7.3702203170e-01
-5.8153242704e-01
-1.8582933305e-01
2.4494005228e-01
-1.3593696442e+00
-2.5267943499e-01
-1.3121706476e+00
-2.7777179457e+00
-7.3109918913e-01
2.4003137433e-01
-1.0544688619e+00
-8.4997334942e-01
-2.1645557465e+00
-1.4388125057e+00
-3.0906719431e+00
-2.0212277972e+00
-1.7713547974e+00
-2.1310377007e+00
-2.6230664336e+00
-1.2483861671e+00
-2.5029966463e+00
-1.2466215439e+00
-2.9276662643e+00
-1.6835998492e+00
-1.2768986637e-01
-8.5474933385e-01
-1.8138618644e+00
1.9695085709e-01
-1.5049860555e+00
1.8074373069e-01
-8.8549584883e-01
-5.7899129825e-01
-2.0163921988e-01
6.2136047898e-01
-1.9085607234e+00
-1.1812922797e+00
2.3435203736e-01
-1.1946049734e+00
-1.9709909533e+00
-2.4759655973e+00
-4.5084188394e-01
-1.7217940538e+00
-3.1710098263e+00
-3.4168646206e+00
-2.7353478563e+00
-1.6132400069e+00
-3.1564249728e+00
-4.0848108127e-01
3.0562929475e-01
-2.0630123158e+00
-2.4736821449e+00
-1.5620228748e+00
-1.6496147014e+00
-2.6607889339e+00
-1.8322902165e+00
-2.7727964786e+00
3.2342910404e-01
-1.6862963613e+00
-4.2119669153e-01
-1.0499039245e+00
-1.3685163164e+00
-1.8818876510e+00
-7.8634327455e-01
-2.4709234535e+00
-1.6986707231e+00
-2.7383323447e+00
-2.3436985673e+00
-8.6645428949e-01
-2.5351596709e+00
-3.5313986852e+00
-4.7034849843e+00
-4.2936546183e+00
-2.5037440025e+00
-5.3369580235e-01
-2.8050365580e+00
-1.0406314908e+00
-2.2063712483e+00
-4.2545912145e+00
-1.5116315004e+00
-4.2267514886e-01
-1.0119796760e+00
-8.6560544360e-01
-2.6443295528e+00
-1.8739999532e+00
-1.9304877370e+00
-4.2327662054e-01
-1.7064142942e+00
-2.6050903039e+00
-2.2923976428e+00
-1.5006969228e+00
-1.4113947242e+00
-1.6974627951e+00
-1.2583332846e+00
-1.0101004280e+00
-9.8769411697e-01
-2.0609347116e+00
-7.8398541554e-01
-2.4410447487e+00
-3.6624902458e+00
-2.1182585283e+00
-1.4574528293e+00
-2.7205977615e+00
-2.0863038791e+00
-1.1234367414e+00
-3.2902725907e+00
-1.9141808283e+00
-1.2064599780e+00
-8.3636749164e-01
-3.0942614593e+00
-3.2105456182e+00
-1.4881603148e+00
-2.5987262599e+00
-2.0114971484e+00
-3.4192039921e+00
-2.9431490043e-01
-1.9897118208e+00
-1.3100888768e+00
-1.4611922311e+00
-9.5554678449e-01
6.7471420317e-01
-2.3953586416e+00
-1.0352376519e+00
-2.0926618771e+00
-7.7641680945e-01
-4.2809986008e+00
-2.3863302530e+00
-2.0020004740e+00
-2.5067922031e+00
-1.6188606530e+00
-1.1774546658e+00
-2.3132258234e+00
-1.8223362134e+00
-2.2144306824e+00
-2.1287960980e+00
-5.8396262329e-01
-1.7163865539e+00
-1.9430655745e+00
-1.9355751838e+00
-1.3472219723e+00
-3.0109450634e+00
-1.3838870093e+00
-2.3353494491e+00
-2.6291798189e+00
-3.0699200938e+00
-8.7198751376e-01
-1.0547012687e+00
-1.1406771993e+00
-2.4257817282e+00
-1.7043316307e+00
-3.9066203158e+00
-1.2492038127e+00
-2.2396384669e+00
-2.3990385761e+00
-2.4612777542e+00
-2.6199415101e+00
