-1.4267029232e+00
-1.1813767936e+00
-1.8613417632e-01
-6.3682598871e-01
-9.7040918999e-01
1.2923049427e+00
8.4290708732e-01
7.5509099637e-01
7.4630134671e-01
-1.4043766607e+00
5.5555808682e-01
1.0563439612e+00
-8.8173151140e-02
6.2335093947e-01
-1.4263756354e-01
3.7353257780e-01
-2.7029319327e-01
3.4157373638e-01
-1.5370950102e+00
-5.8652173481e-02
9.7062553910e-01
-3.4343306047e-01
-1.1640073557e+00
-3.8032648103e-01
4.3467678674e-01
2.5486827616e-01
-2.5587644459e+00
-1.8963740183e+00
-1.2431983982e+00
-1.1452648618e+00
9.4703707299e-01
4.9905865676e-01
-3.7925969270e-01
1.2935285605e+00
1.1012370502e+00
5.1238641363e-01
-5.4452150532e-01
-5.7410503841e-02
-1.4700050176e+00
-8.1983062562e-01
-9.1390861920e-01
9.9922826772e-01
-3.7603878172e-01
1.0642461193e+00
-1.0990667555e+00
4.6145120559e-01
-7.9175461968e-01
-1.5782190391e+00
4.7578310785e-01
-6.5870284111e-02
3.1320942886e-01
2.1214220646e-01
-4.3281671516e-01
5.8965779867e-01
8.1147183266e-01
-8.1365489222e-01
5.1907347445e-02
2.8049931027e-02
9.4911391775e-01
7.0437212185e-01
-1.2081076633e-02
