-1.8668658896e-01
-5.2698962059e-01
-3.2129810798e-01
2.7851760906e-01
9.6237045007e-01
-2.0093119091e-01
-2.7268570304e-01
-2.0844821683e-01
-3.3486259302e-01
-5.7324946728e-02
-4.5738121273e-03
-2.0290663885e-01
-1.6928101474e+00
-5.0027667742e+00
3.6065617431e-01
-6.1065885266e-01
5.5246319989e+00
-1.0321576191e+00
-2.2341855567e-01
1.9633177937e+00
-9.3021773243e-01
7.3068022359e-01
2.0360259206e-01
-3.0764741559e-01
5.5117096208e+00
-1.4504377677e-01
3.5010670501e-01
3.6114432751e-01
1.4409320759e-01
2.6425238400e-01
1.7638899099e-01
-9.6129152794e-01
3.2190187026e-01
-2.4529078209e-01
-5.7344115783e-02
4.4960416060e-01
-4.4987306644e-02
-1.6597085369e-02
-8.0004517850e-02
-2.7098288191e-01
-5.7309977360e-02
-4.4737817383e-01
2.1479505059e-02
5.4619642023e+00
-2.5473865499e-01
6.0465718267e-01
2.3649547039e-01
-3.8212400296e-02
-1.6539823630e-04
-1.3430978745e+00
-5.6247201003e-01
-1.0627486814e-02
-1.2984392228e-01
1.2488882226e-01
6.3588525004e-01
3.0652767854e+00
8.4548854115e-02
-5.9576576853e+00
-1.6841922973e+00
-2.5610849311e-01
6.2480058605e-01
-2.2829910667e-01
-2.3295998064e+00
2.5650403409e-01
-1.7101133435e+00
1.9267487346e-01
2.5682894377e+00
8.3985368112e-01
2.6091494192e-01
-1.5312343211e-01
1.4154767455e-01
8.6074374089e-01
1.8738208427e-01
5.5854702133e-03
-1.6137184551e+00
-2.4201887781e-01
-7.1217955172e-01
-1.2553582659e-01
5.9160008426e-01
-4.7762624988e-02
-8.2304319891e-01
1.8833946104e-01
-3.4105906066e-01
-1.4376647253e-01
1.2811197221e+00
1.4880073098e-01
-6.5178125429e-01
1.6070937470e-01
-5.2878545661e-02
6.4758045220e-01
2.3755391012e-01
-5.2542038127e+00
-1.7273286969e+00
-1.0743704006e-01
-6.7416964947e-01
-2.8134557833e+00
-2.3753704995e+00
-4.8993067526e-01
-1.4645049950e-01
1.0529368546e-02
1.7262833156e+00
-4.1973084762e-01
-2.9770524651e-01
2.3976174171e-01
1.4881764841e-01
-1.9561728780e+00
1.7558215897e-01
8.9414746874e-02
-4.2014389073e-01
5.1889488849e-01
-1.9957680147e+00
-1.6061480810e-01
-5.7748068821e+00
2.6291259507e-01
-5.6583881154e-01
2.1333493699e+00
-1.1906299956e+00
-4.7815218952e-01
3.7440377045e-01
-2.0284118276e-01
3.6092521236e-01
8.7582853569e-01
7.3354620973e-02
4.7447498154e-02
-1.4013392907e-01
9.4605845070e-01
-2.4499020125e+00
9.7541143020e-01
-2.8154242722e-01
-6.3392945595e-01
1.8281778724e-01
-2.5564365979e-01
3.1074736701e-01
-1.7854159740e-01
8.2343278695e-01
-3.6139747652e-01
-2.5449474702e-01
1.7171537731e+00
4.6117810361e-01
6.4236242772e-01
1.2383112306e-01
5.4332192027e-01
5.7488340205e-01
-1.3997324818e-01
-2.9089104467e+00
-5.3433658337e-01
-3.3158560274e-01
3.6835892956e-01
5.2197883272e-01
-1.1686868027e+00
1.9624157819e-02
5.1574873545e-02
3.7856023004e-01
-1.2712168613e-01
3.0976245450e+00
-2.3021850255e-01
