-2.4277575290e+00
-1.8119992546e+00
-1.4385913115e+00
-2.6897346785e+00
-2.0476875228e+00
-1.8655475443e+00
-1.5245822066e+00
-2.9780995458e+00
-1.2879007238e+00
-2.1683322933e+00
-8.4699555979e-01
-2.1644473034e+00
-2.9638026883e+00
-1.8831838582e+00
-2.2326395423e+00
-2.5323484062e+00
-3.1614440685e+00
-2.0349639448e+00
-1.9118330479e+00
-4.0364690075e+00
-2.0433469580e+00
-2.2541525058e+00
-2.5453962241e+00
-1.1205765302e+00
-1.3465752904e+00
2.2286946847e-01
-2.8483810868e+00
-2.7758356044e+00
-2.0630220284e+00
-5.4351638496e-01
-2.1533138258e+00
-3.1126577342e+00
-1.3336109424e+00
-3.6384334432e+00
-1.7868056892e+00
-2.1228872247e+00
-2.3051501579e+00
-8.1726735031e-01
-1.2087504485e+00
-2.2507021668e+00
-7.9515899488e-01
-9.1785737371e-01
-2.4803669545e+00
-2.1891727537e+00
-6.4561644747e-01
-2.1506420989e+00
-2.2359707184e+00
2.5605882986e-01
-4.2120266129e-02
-1.7460897541e+00
-1.0898618350e+00
-2.9000854893e+00
-3.4259373929e+00
-2.8531419402e+00
-3.4544475137e+00
-2.3508644564e+00
-2.5249032065e+00
-3.2450082774e+00
-2.2120934568e+00
-2.7884718758e+00
-1.7898625654e+00
-1.3416898893e+00
-1.8064762336e+00
-5.5545607459e-01
-1.3705498064e+00
-2.3453921939e+00
-1.9788842798e+00
-2.8553500267e+00
-3.8676098953e+00
-1.7070160644e+00
-3.6590629966e-01
-1.7404699100e+00
-1.3476673104e+00
-1.0197041854e+00
-3.5608750749e+00
-1.0005256892e+00
-1.3139760677e+00
-1.2124960529e+00
-7.2429424757e-01
-1.6477924850e+00
-2.8359343273e+00
-3.2623869073e+00
-1.7405228227e+00
-2.9205412869e+00
-2.4554336598e+00
-1.8572571035e+00
-1.4758127606e+00
-1.0734993997e+00
-1.9065015770e+00
-1.3626046997e+00
-2.7479849504e+00
-2.0246196414e+00
-2.5044322341e+00
-1.0971300160e-01
-4.0469715995e-01
-9.0345673727e-01
-3.0892770939e-01
-2.1155042229e+00
-1.5855491090e+00
-1.4221249076e+00
-9.7104989636e-01
-1.9677775524e+00
-2.9942452556e+00
-9.8289870074e-02
-1.2789738056e+00
2.9436985465e-01
-2.2200662000e+00
-3.0377344887e+00
-1.9957575034e+00
-2.3511874491e+00
-1.8536235520e+00
-1.2704216537e+00
-7.9875641706e-01
-2.4432523792e+00
-2.7235988569e+00
-8.6402756209e-01
-2.0794306357e+00
-1.3729627553e+00
-2.7428352937e+00
-1.4155280496e+00
-3.0930575207e+00
-9.9756114163e-01
6.5576569015e-02
-1.7401888158e+00
-1.7105059504e+00
-5.1921540675e-01
7.2072048012e-01
-1.4835615085e+00
-1.4589425782e-01
-6.8710310001e-02
-1.6619105781e+00
-9.7824205092e-01
-2.3921263627e+00
-5.2982406652e-01
-1.4106660313e+00
-7.5401107788e-01
-2.1341102884e+00
-1.9114924357e+00
-1.5667333323e+00
-1.4381911835e+00
-2.4028288412e+00
-1.5227686091e+00
-2.5365024291e+00
-1.3599150995e+00
-9.9614835946e-01
-1.1509259596e+00
-1.2772632021e+00
-1.2268776899e-02
-9.4519749326e-01
3.3619883384e-02
-6.2853398403e-01
-1.6742838697e+00
-1.2247515217e+00
-9.1563552145e-01
-2.3626277177e-02
-1.6742963842e+00
-3.3617804738e-01
-8.2498121260e-01
1.7998099875e-01
4.5073332448e-01
-1.8827479501e+00
-1.0137529083e+00
-2.0746336207e+00
-3.3931780612e+00
-1.1534022971e+00
-1.1877047776e+00
-1.9839546636e+00
-3.3118547282e+00
-4.8170960556e-01
-3.5980033776e+00
-2.2371275818e+00
-4.8671986060e-01
-1.6753346223e-02
-1.1621182262e+00
-1.1159181068e+00
6.4776716290e-02
3.5668943920e-01
-2.3817721309e-01
-1.0274249247e-01
-3.1046714594e-01
-1.1994913187e+00
-3.6149223312e-01
3.3459654086e-01
-1.4250706403e+00
-6.1506894277e-01
-4.5684671026e-01
-1.0929354059e+00
6.6233563921e-01
-9.3739836554e-01
1.6597039029e-02
-1.8765261883e+00
-2.0196664378e+00
-9.2176460380e-01
-9.2346231944e-01
-8.8365400006e-01
-2.5711886623e+00
-3.6110274789e+00
-2.4760787899e+00
-2.7903738923e+00
-1.3841229812e+00
-9.6706289657e-01
-2.1732170806e+00
-1.1686113541e+00
-9.4944509888e-02
5.6911685545e-01
-1.0782875887e+00
1.6643883772e-01
-1.3090121349e+00
7.4078556070e-01
-1.2799974063e+00
5.1300323146e-02
1.2201566660e+00
-1.8520140141e-01
1.0252419546e+00
3.5492255679e-02
-5.2367692570e-02
-5.5175481730e-01
8.3326068172e-02
3.9748531327e-02
1.9385922039e-01
-1.7580023642e+00
-1.0163208631e+00
-7.2416462844e-01
-1.9549414297e+00
-3.1441205892e+00
-1.9760552639e+00
-1.3046269661e+00
-2.5583723309e+00
-7.9341056257e-01
2.5399178983e-01
-2.5683644010e+00
4.3122397675e-01
2.5485423748e-01
-7.5623109743e-01
-1.6291103570e+00
-1.1181169811e-01
-3.2980519573e-03
-6.2046587165e-02
-8.2701310000e-01
-4.8828640487e-01
1.7694236128e-01
-1.2614127044e+00
-6.4712116993e-01
-4.4205826802e-02
-5.3399496908e-01
7.6244043060e-01
5.0913165465e-01
-2.3380470725e-01
-1.8514155208e-01
-1.4039334993e+00
-2.7925103844e+00
-2.5837184977e+00
-1.7779184453e+00
-1.7882783933e+00
-2.2296171551e+00
-3.5701526986e-01
-5.9809656454e-01
-8.6776967198e-01
-1.3630283133e+00
7.6273161820e-02
1.8867087842e-01
3.6819472953e-01
-7.8968012753e-01
-1.2083521399e+00
8.3233645024e-01
-4.6857860520e-01
-1.4040265801e+00
-5.5614948422e-01
-1.3514576521e+00
-3.6710128457e-01
1.3847387808e-01
-1.6281205494e-02
2.9270781511e-01
5.8517527794e-01
-1.6779428793e-01
-2.1121342224e+00
-2.4519503554e+00
-1.4408074545e+00
-1.2560127143e+00
-1.8362709060e+00
-2.1607875991e-01
-1.1645781409e+00
-6.4526880870e-01
-1.0896304509e+00
-9.3324605251e-01
1.0185132509e-01
1.1618686378e+00
2.1085746824e-01
-1.3155748735e+00
-1.2083566978e-01
-1.0517636864e+00
5.6731100415e-01
-1.7430198272e+00
-1.4134840162e+00
-1.2473832355e-01
-1.3011910209e+00
-5.9054369359e-01
4.4789433911e-01
-1.7227011439e+00
-6.1856404763e-01
-9.2806317926e-01
-9.2154002138e-01
-3.8695843880e-01
-2.4808562676e+00
-1.9020457098e+00
-1.6028031736e+00
-1.4475518019e+00
-1.8548729869e+00
-3.2286159320e+00
-1.5955419779e+00
-2.2424524589e+00
-2.0012997602e+00
-1.4775022354e+00
-1.4346431047e+00
4.4899893897e-01
-1.5268817090e+00
-8.7100610289e-01
-1.1535848610e+00
-2.6220740288e-01
-3.8006345738e-01
-2.0152806267e+00
-2.9361942034e-01
-5.2653917208e-01
-6.6681899659e-01
-5.2263662934e-01
4.6203367466e-01
-7.1470978294e-01
1.2470141363e+00
-1.2022179797e-01
-1.5536718181e+00
-1.3117998325e+00
-1.1291799342e+00
1.1028187777e+00
-2.3630028195e+00
-2.5945208868e+00
-1.5040299911e+00
-1.9250821687e+00
-6.5940590288e-01
-2.1070482510e+00
-2.4700465436e+00
-6.6662186970e-01
-5.6345415552e-01
-2.2329303736e-01
-4.3494879391e-01
4.9484992321e-01
-1.3399564316e+00
-1.9140642874e+00
2.8340210602e-01
-9.5496133469e-02
-2.1539963483e-02
5.8833447024e-01
-1.0622628328e+00
-3.8008012967e-01
-1.3217899850e+00
-3.4749192395e-01
4.6848999620e-01
1.4004108918e+00
-5.5883445976e-01
-2.8876848015e-01
-1.0117798245e+00
-6.9672041745e-01
-2.7237321786e+00
-2.1959690620e+00
-2.2463445886e+00
-2.9418126800e+00
-3.0585429965e+00
-1.7828753037e+00
-2.0610229574e+00
-2.0901281272e+00
-1.0774252559e+00
-1.2253083302e+00
-1.8843845605e-01
1.4284556290e-01
1.0755009326e+00
8.1795712146e-01
-8.3249186425e-01
5.0993358102e-02
-7.0909633558e-01
-8.2173853597e-01
-5.8137231411e-01
-1.1892078072e+00
-4.9422812678e-01
-2.3522123775e-01
8.5285963166e-01
4.3420844472e-01
-1.7529728861e-01
-1.7781616880e+00
-4.9809985825e-01
-6.6558612369e-01
-3.4617601462e+00
-2.0324989491e+00
-1.7076527658e+00
-1.4749744729e+00
-1.3734692916e+00
-1.6100680152e+00
-2.6849168692e+00
-1.9768882913e+00
-2.2003223456e+00
-1.4461288571e+00
1.0484404216e+00
2.0344957042e-01
-9.3438591184e-01
3.7888037678e-02
8.2397701953e-01
4.2116186242e-01
1.2991906570e+00
-6.5508897612e-01
1.2345933871e-01
3.2686702445e-01
-6.4347210648e-03
-7.2865154005e-01
-9.1364455288e-01
-1.7507339669e+00
-1.0520376387e+00
-1.8072438865e+00
-1.4699366987e+00
-1.7058470151e+00
-1.1285003110e+00
-1.8076796092e+00
-2.4721218152e+00
-2.7763399818e+00
-2.2694788609e+00
-2.3554382717e+00
-1.8756748284e+00
-2.1659759719e+00
-2.1866317224e+00
-4.3369043770e-01
1.3902239041e+00
2.5025743112e-01
-1.9800535821e+00
-1.5713917178e+00
1.0216139329e+00
-1.3399874895e+00
-8.5524290967e-01
1.4363779084e-01
1.6128812940e+00
8.7376185945e-01
3.8480905660e-01
-4.7069378150e-01
3.2982566898e-01
4.1300821901e-01
2.3429304462e-01
-1.0100210094e+00
-1.8099516659e+00
-9.6557241001e-01
-1.3130107915e+00
-8.6141893835e-02
-2.1754284166e+00
-1.4354139612e+00
-2.1997642768e+00
-1.3798782508e+00
-1.7415785506e+00
-9.9235588019e-01
-2.0424514359e+00
-1.3105639629e+00
8.4024077908e-02
1.2038786266e+00
-8.1915754080e-02
-4.2748620623e-02
1.4741573994e+00
4.5775262573e-01
-1.1146267276e-01
8.1094153985e-01
-2.2212025230e-01
4.0124414516e-01
7.1519696294e-01
1.0182703901e+00
1.1725093232e+00
4.0194038152e-01
-1.6820027583e+00
-2.5954690876e+00
-7.2141570985e-01
-9.5950322866e-01
-3.0548820482e+00
-6.7868925710e-01
-7.1652487747e-01
-2.0167562334e+00
-1.1905272328e+00
-6.7765774359e-01
-8.4248611552e-01
-9.2861415378e-01
3.8767086214e-01
-3.0430793478e-01
-1.2808527167e-01
-5.2907983708e-01
-1.3917157858e+00
4.6767116173e-01
-7.5089173308e-01
4.3327177945e-01
2.2531816357e-01
-8.5129499805e-01
2.9763097688e-01
-5.1604687613e-02
-6.5377165649e-01
2.9207824078e-01
7.1399986646e-01
-6.3559709913e-01
-8.8988114011e-01
-2.8437472933e+00
-1.4689940213e+00
-1.6290476500e+00
-9.1630624415e-01
-2.2159760601e+00
-9.0585672274e-01
-1.5199807331e+00
-3.4262844825e+00
-2.1552186635e+00
-1.1522755989e+00
2.8677362003e-02
-1.4152684510e+00
-3.4730693363e-01
-3.9659420931e-01
-8.2678516445e-01
-5.2085809826e-01
-1.2391931796e+00
3.2556346141e-01
-1.0838698952e+00
-2.8568176694e-02
1.4302479492e+00
2.1535376498e-01
-9.3941556966e-02
3.9300142442e-01
1.3066910801e+00
9.5145570438e-02
9.5189917440e-01
-1.0633244180e+00
-2.4863360469e-01
-4.8309967919e-01
6.6508450508e-01
-2.3795574632e-01
-1.7868707448e+00
-1.1575735596e+00
-2.5747601308e+00
-1.9430524926e-01
-2.3828491259e+00
-1.6026528709e+00
2.7662900516e-02
-6.5086137730e-01
-7.4766100994e-01
6.7689031431e-01
8.6763720982e-01
3.7394989150e-02
-1.4031267855e-01
-9.7327742636e-01
-6.3928865343e-01
1.5527828771e+00
6.1651592141e-01
-7.6043751972e-02
-1.9560357316e+00
-1.4059859807e+00
1.8288572862e-01
-4.2468483889e-01
-1.5819801736e+00
-5.4163636067e-01
-2.3566298559e-01
1.6812490604e-01
-3.2317199008e-01
-2.6095743666e+00
-1.2398483883e+00
-1.6201965050e+00
-1.2437089757e+00
-2.3134753257e+00
-4.1028951910e-01
-1.2238581125e+00
-6.9631557005e-01
-2.0158884244e+00
-6.6797146929e-01
-1.9240282577e+00
-7.6457279819e-01
-1.0905612535e+00
-1.3603631134e+00
3.7414218005e-02
4.4511234318e-01
-1.4877187996e+00
-4.7940751063e-01
-3.2044251358e-01
1.3156065799e+00
1.9809457949e+00
-1.9238042264e+00
-1.7131970873e+00
-8.0626064307e-01
-8.7338314796e-01
5.6559594316e-01
-1.2669225371e+00
-8.7736835445e-01
-8.3658969772e-01
-1.3686966278e+00
-1.9306192115e+00
-2.0066501088e+00
-1.7108086048e+00
-7.2721256194e-01
-2.6626171868e+00
-1.1857226546e+00
-1.8794511841e+00
-1.6450823864e+00
-2.8968987132e-01
1.2189433508e+00
-7.5808035111e-02
-6.3108153785e-01
-1.2795037708e-01
-2.7745719317e-01
-1.4468918250e+00
-8.2132158150e-01
-5.1510408597e-01
-5.1075364104e-01
-1.6213966517e+00
1.3201472132e+00
9.4293213627e-02
-3.3005575516e-01
-3.7409930528e-01
-7.7318061420e-01
-2.1499797253e+00
-1.3530299870e+00
-2.9014414707e+00
-4.0649996471e+00
-3.3534529487e+00
-9.8441664880e-01
-3.5171656278e+00
-1.7572994073e+00
-2.2742580763e+00
-1.9422780493e+00
-1.9544968492e+00
-1.5840660560e+00
-1.0363574929e+00
-3.9094828322e-01
-3.4048248010e-01
-2.6472050470e-01
5.4315217948e-01
5.0327601768e-01
1.9643716982e-01
1.3996897514e-01
-8.1088077504e-01
-3.0684549049e-01
4.2656427567e-01
-9.7412529310e-01
1.2342813624e+00
-1.5170618494e-01
-1.2566570035e+00
-9.7318955960e-01
-2.0212852454e+00
-1.2169997636e+00
-5.0913292426e-01
-1.6134221049e+00
-3.7840004751e+00
-3.0224739150e+00
-1.3343994996e+00
-6.8447901895e-01
-1.4301013207e+00
-3.1344703992e+00
-1.6982839393e+00
-1.7583971651e+00
-5.4775685726e-01
1.1325461439e-01
-1.3687200776e+00
3.3063595807e-01
-8.6593260500e-01
-1.2980376411e+00
1.0546269375e+00
-1.0299700355e+00
-1.2405072415e+00
-1.8717033675e+00
-1.4348128915e+00
2.2633321690e-01
-2.4984177230e-01
-5.9287483590e-01
-8.5820633344e-01
-1.0517467624e+00
-1.4340878645e+00
-2.2285176556e+00
-1.5882744474e+00
-1.1956208144e+00
-2.4341540904e+00
-3.0525250101e+00
-3.0416775316e+00
-2.7910585920e+00
-2.1449414503e+00
-1.6797834594e+00
9.4926522956e-02
-2.2262891752e+00
-9.6530052007e-01
-1.8418960302e+00
-1.1987398263e+00
-1.8788979893e+00
-6.5733217371e-01
-2.4861874607e-01
6.0849014874e-01
-8.3664082476e-01
-2.2317108963e-01
-2.5479413968e-01
-3.5559777137e-01
-2.7024183574e+00
-2.6457936967e+00
-2.4755992076e+00
-1.9015541274e+00
-7.1052187385e-01
-7.0651709748e-01
-1.4687829028e+00
-1.9844838616e+00
-3.3560979145e+00
-3.8045032522e+00
-2.2130027150e+00
-2.7158225921e+00
-1.8988211214e+00
-1.8555765358e+00
-1.8631874872e+00
-7.4863706398e-01
-7.0980947018e-01
-1.3445350533e+00
-2.7276183365e+00
-1.0639074000e+00
3.2752389086e-01
-3.0581532724e+00
-1.4119165128e+00
-2.4683557347e+00
-1.7745775549e+00
-9.0818336466e-01
-1.4228253553e+00
-1.8333846656e+00
-1.1419026217e+00
-9.6021485184e-01
-1.2469315337e+00
-2.1972279449e+00
-1.1365185587e+00
-2.5216201052e+00
-1.3856662109e+00
-3.5069886828e+00
-2.8246767121e+00
-2.2999971952e+00
-2.1421190641e+00
-3.4433355592e+00
-6.2874517229e-01
-4.4644672799e+00
-2.3154576782e+00
-1.2158472216e+00
2.6796192354e-01
-8.0485215157e-01
-2.0873678476e+00
-2.1621851079e+00
-1.6155786016e+00
-1.6594903238e+00
-1.8576559383e+00
-8.6480919556e-01
-6.5341190118e-01
-1.9929579392e+00
-2.6409189743e+00
-2.4994279254e+00
-9.2098383430e-01
-7.8575465522e-01
-1.3468798520e+00
-2.0898715677e+00
-1.5072414720e+00
-1.4917190041e+00
-2.2596057024e+00
-2.1956896048e+00
-1.5386163660e+00
-2.2545410283e+00
-2.3072877106e+00
-2.0349039326e+00
-2.8661413122e+00
-1.4617273453e+00
-1.8589162292e+00
-1.3341228290e+00
-2.8281666039e+00
-2.4477038853e+00
-1.7222496834e+00
-6.6495639765e-01
-1.5562493326e+00
-2.0402572359e+00
-2.5822472366e+00
-1.8301889831e+00
-2.1713750652e+00
-2.2821952132e+00
-3.6738669046e+00
-1.7025118395e+00
-1.1866660555e+00
-2.3013060035e+00
-1.8855553968e+00
-2.2599050920e+00
-2.0871954135e+00
-2.7953325191e+00
-1.7493815658e+00
-1.4467019882e+00
-3.0125389138e+00
-2.7530580307e+00
