4.4715881288e-02
1.4937581601e-01
3.9141296563e-01
-1.0512357057e+00
1.2878806085e-01
3.6437208121e-01
-2.1493414223e-01
2.3316190570e-01
-2.9063651312e+00
1.2018641520e-01
5.8027402477e-01
6.1595497285e-02
9.0019664619e-02
-1.5538387252e-01
-5.8940414801e-02
5.6861252173e-01
4.0268162313e+00
-6.2862423120e-01
2.7743702464e-01
7.9844716519e-01
-4.4451666062e-02
3.3567533715e+00
7.8138066870e-01
6.8520671714e-02
3.9482500554e-01
-7.3316646308e-01
9.4494021964e-02
-2.7383726421e-01
-4.0528756718e-01
-1.4049820628e+00
8.2608767415e-01
1.7967860263e+00
1.4934499906e-01
1.9362960390e-01
1.8300216837e+00
-2.9879927366e-01
2.6809517958e-01
1.7012282345e-02
-3.6737655551e-02
3.6111630796e-01
3.0067822053e-01
4.1224273321e-01
2.2795739232e-01
4.7110168916e-01
-2.0211789736e-01
-8.7356459562e-01
1.5038547270e-01
1.1708849104e-01
4.0322056039e-02
2.6702991988e-01
3.8257726990e-01
-2.7576351472e+00
1.4257013802e-01
2.2574684612e-01
-1.5874008301e-01
2.7329847263e-01
1.4638922128e+00
3.7219751017e-02
-1.2193306339e+00
-3.2277581541e-01
-5.5082766831e+00
1.4824579366e+00
2.9661679701e+00
6.3800199558e-02
-2.6819066275e-03
-1.8471940071e-01
-7.5957906900e-01
-1.4576251949e+00
-1.6742302635e-01
2.7233271663e-01
1.5181833449e-01
2.9671510985e-01
6.9027037503e-01
1.5747783758e-01
-3.5021894624e-01
4.8248197594e-02
2.6356733456e+00
1.2525179142e-01
-9.4850075624e-02
3.2942377201e-02
-5.1719801885e-02
-2.5832787526e-01
3.7215546935e-01
4.3932449138e-01
-3.4041539516e+00
-2.1580722863e+00
-2.6278523506e-01
-9.7834691273e-02
-1.3464671448e-01
3.7016838153e-01
-2.8492022401e-01
-4.0638541250e-01
6.1495976228e-01
-7.1743259849e-01
-3.7891700718e-01
-4.6411404699e-01
1.8866885609e-01
9.1405737755e-01
-8.4326498288e-01
1.7256048969e+00
-2.3303540676e-01
-1.8996340204e+00
5.1648689710e-01
1.7108143256e+00
1.7952124471e-01
5.9066988918e-02
4.1005782606e-01
8.3683441395e-02
-7.6881313302e-01
-5.1585130432e-01
3.5505966376e-01
2.0412595733e+00
6.0146835208e-01
-4.7699105049e-02
-5.8052430206e+00
2.0808764991e+00
-7.2512460520e-02
8.7225401246e-02
-6.3521251644e-02
5.8410549075e+00
-5.7475993641e+00
3.9270502226e-01
-6.8157935017e-01
-5.8365420230e-01
-5.4168411253e-01
-3.7200561358e-01
-1.9891252443e+00
-2.8575868757e-02
2.1511948007e-01
-3.6217165477e-01
2.1475176612e+00
-2.9932967904e+00
5.3581555823e-02
-3.8901051476e-02
-3.0827003709e-02
2.6623143545e-01
1.8698141277e-01
-2.7590439058e-01
5.3704107092e-01
-1.5003708991e-01
-8.0797115949e-01
-3.2586937668e-01
-1.2062008926e-01
1.8471982647e-01
3.6845872501e-02
-2.1171794751e-01
-1.3346755584e+00
-9.9029829187e-01
-2.3092495609e-01
-5.3455580028e-02
-6.9827822164e-01
-6.1128453799e-01
6.9255439573e-01
-3.4946834780e-01
-6.8871650840e-01
7.8823431214e-01
