1.2784145639e+00
-8.2642106537e-01
-3.8731306940e-01
-1.7494678087e+00
4.4092858162e-01
-4.0470152567e-01
1.9251943018e-01
-1.1059497852e+00
-4.9519887756e-01
-9.6393513486e-01
-3.9695886535e-01
3.1149329238e-01
1.3063113831e+00
-5.7929031516e-01
-1.1624532142e+00
5.2626908704e-01
1.6514743193e+00
1.1362871132e+00
3.5258541774e-01
-5.9094905330e-01
2.1761085232e-01
-1.9567143437e-01
-1.5096859178e+00
-2.4851123565e-01
-2.1554337197e+00
1.7195236198e+00
-6.7047395996e-01
6.4049066215e-01
-1.9404827903e-01
1.4895765749e+00
-1.1572839954e+00
5.2619214609e-01
1.0951176756e+00
-9.2930677114e-01
-1.8038068642e-01
-1.0960168690e+00
-1.0315142820e+00
-1.9907174894e-01
1.2679521189e+00
4.7101859383e-01
7.7990478829e-01
-1.0897481599e+00
-6.4516930151e-01
2.6258029735e-01
3.0355476823e-01
8.4627447164e-02
-3.7310986851e-01
-5.1163105940e-01
-5.6229766935e-01
-2.6574244217e-01
2.3877531653e-01
-3.8666550355e-01
1.1390614628e-01
1.1055307260e+00
1.9979667474e-01
2.2190023350e-01
5.5908171313e-01
-8.3348498770e-01
-9.5348651124e-01
-1.1735413695e+00
3.8919922111e-02
