1.2661117111e-01
-2.5991086895e-02
-1.6525051864e-01
-7.7757614483e-01
-1.0953721658e+00
-2.1899331688e-01
8.0831038367e-01
5.6315851653e-01
5.3396204778e-01
6.6412923247e-01
-8.0800090929e-01
-1.2922903270e-01
-5.2474302908e-01
1.2641785861e+00
-6.5237602632e-02
-7.1665052068e-01
-1.1323038966e-01
-9.7434365016e-01
-4.1064847146e-02
7.3884423502e-01
7.0896084297e-01
-8.6364159967e-02
1.2728780564e-01
9.1858072699e-01
-5.5745307813e-01
-1.6555296254e-01
9.3876098294e-02
-6.3874841633e-01
-1.0488209603e-01
4.8901981179e-01
-1.5416776671e+00
3.8269929906e-01
-4.7723383519e-01
7.3465898983e-01
-9.1374268795e-01
-6.7681797271e-01
-5.8309438074e-01
3.6256646252e-02
2.1569665026e-01
-5.1660542505e-01
1.1575082396e+00
2.7174885557e-01
-1.1959193931e+00
5.3236531208e-01
1.2860514778e-01
-2.1600319227e-01
-4.8321447094e-01
1.1187797249e-01
-3.4875210414e-01
-5.0803966498e-01
1.8703563758e-01
-2.6020595599e-01
2.7585108216e-01
-3.2234418527e-01
-4.3671105391e-01
-3.5310874797e-01
-3.0919577615e+00
1.1538710931e-01
-3.7299458389e-01
-2.2557067088e-01
-1.3923411261e-01
1.7992241217e+00
-1.2789285444e+00
-8.3947678204e-02
-6.5241212854e-01
6.3496498272e-02
-8.3837339347e-01
-3.8383056743e-01
-2.6221355426e-02
-2.1491972216e-01
1.0702267346e+00
-1.1373955180e+00
2.2313804562e-01
-3.1174756514e-01
-4.1211681638e-02
-1.3206441437e-01
2.1066843024e+00
-2.1963195484e-01
8.4130582159e-01
-1.3244287612e+00
6.7954432888e-01
-7.0319920579e-01
-4.4685912682e-01
-2.4278926748e+00
-1.1788754174e+00
4.9575035307e-01
3.2737889024e-01
8.9782342377e-02
-2.2807839900e-01
-1.1578838482e+00
-7.7642750650e-01
-5.9210776211e-02
6.7037334213e-01
1.4232293520e+00
7.2900563060e-01
-1.2127189219e-01
1.5847375022e+00
1.2550708157e-01
-5.2198053458e-01
-1.4472943524e-01
1.2458320591e+00
-2.8132446448e+00
4.6437000704e-01
-9.1303513006e-02
-2.0829358981e+00
-1.6259916061e+00
-1.7753880693e-01
5.8591443145e-01
-2.9590618984e+00
1.9603456744e-01
-6.4637621039e-01
-5.4633334378e-01
-1.5677270753e-01
-1.5953646647e-01
5.0572022212e-01
1.5653805878e+00
-1.9378068846e+00
1.6873306160e-01
-4.2835065186e-02
-1.3606868804e+00
-1.1344188611e-01
4.8811674749e-02
-8.4063978152e-01
1.0395089131e+00
1.2868634437e+00
4.1146654373e-01
-3.1274579427e-01
-8.6076864706e-01
-5.6497787645e-02
-3.7104626180e-01
4.1444527089e-01
9.8999800360e-02
5.6404703825e-01
1.0688784470e+00
9.4108324845e-02
-1.1136432118e+00
-1.9995132374e-01
-1.4719902597e+00
3.7648960469e-02
-3.8176944095e-01
1.7851890182e-01
-6.6911448223e-01
6.5253977882e-01
-5.6057312020e-01
9.2381244624e-01
1.1993503753e-02
-7.1238955519e-01
-4.7934595965e-01
1.4557935946e-01
1.1075676745e-02
-3.1845264151e-01
2.7149438189e-01
1.8554938719e-01
-2.5533095214e+00
-2.4047422828e+00
1.0658127624e-01
