8.8174324169e-02
1.1684376747e-01
-1.0910511399e-01
1.8928967535e-01
-4.5910122928e-01
-1.4469974892e-01
-9.5781756716e-02
3.1934875855e-01
-1.3261125353e-01
-2.2614520876e+00
-1.0890291427e-02
-6.3412717083e-02
7.0154669564e-01
-6.3617197814e-01
1.3210694577e+00
5.9569495758e-01
2.2396366194e-01
-4.3692251766e-02
5.5109689387e-01
-1.5346906763e-01
6.0300198023e-02
1.4836707497e-01
-1.0417841883e-01
6.3052974823e-02
-1.7995412946e-02
-1.1943401844e-01
2.0016825297e-01
-4.0170003036e-01
5.9130695647e-01
9.1119464513e-02
2.4358582621e-01
2.2874153566e-02
2.9896923801e-01
-1.2363114856e+00
-1.9576436621e-05
-7.5882193443e-02
-8.1753435376e-02
4.9659341723e-01
2.3061056052e-01
-1.1746669425e-01
-1.1166922060e-01
-3.1381307569e-01
5.6783995684e-01
1.0834107862e-02
-1.3195021243e-01
1.6909050318e-01
-1.4660657405e+00
3.0192094506e-01
-2.0402171093e-01
7.1964273291e-01
-2.4319857882e-02
-1.2839520404e-02
-8.3108869161e-01
3.1618742566e-01
-2.5496691624e-02
-1.7147815511e-01
1.6336257888e-01
-2.2347967196e-01
5.8369781597e-01
-1.9827856771e+00
1.4391705132e-01
-3.8065698879e-01
-5.2254319384e-01
-5.7977103554e-01
5.2375150635e-01
-6.3049907118e-01
-1.9710102769e-01
-3.5778994308e-01
1.0187255982e-02
-9.0859029407e-02
2.5476984614e-01
1.0952642774e-01
1.0394815647e-01
7.5134342790e-02
8.5659887061e-01
-1.5781162574e-01
-4.6148476138e-02
-4.1941986747e-01
-1.0341053441e-01
2.2787211795e+00
1.5144436619e+00
-9.8562113964e-01
8.1423068880e-02
-1.1724137345e+00
-1.1813187758e-01
-1.7855041783e-02
5.0152526410e-01
1.2200848052e+00
-7.6444912826e-01
-1.1717178061e-01
-3.2978219058e-02
-2.1670015229e-01
-2.6550071142e-01
-4.5623941154e-01
-3.1610395603e-02
-1.0318809245e-01
-4.0905488684e-01
-1.3625231058e-01
1.2767808027e+00
5.0634140790e-01
-1.7676190916e-01
2.0802698450e-02
8.2966879702e-02
9.2638251912e-02
-6.6611033702e-02
-2.3166480037e-01
-9.9563549247e-02
1.8657458945e-01
-2.5262608465e-02
-6.8449097823e-02
-4.2632374302e-01
-3.9703390997e-01
1.7962235969e-01
6.2479578080e-02
-1.1980784874e-01
6.3043254023e-02
7.9819580774e-01
-4.7782946708e-02
3.4154605479e-01
1.0752412614e+00
2.5817160324e-01
2.5091174754e-01
-1.9538083908e-01
-4.5210940630e-02
2.1567491760e-01
1.6439943750e-01
-1.6645002698e-01
1.6107500369e+00
-2.6590783680e-01
1.0965194957e-02
-2.8386247219e-01
-3.7261879958e-02
-1.6332351209e-01
-2.6866124186e-02
9.9306183296e-02
1.4426444936e-01
4.3662734343e-01
-7.6228169783e-01
-2.1890206853e-02
-5.4163005090e-01
-1.1503643926e-02
2.5728936974e-02
4.7491918661e-01
7.8561679085e-02
-3.5550940867e-01
-2.2701014885e+00
-4.5212957852e-01
-1.9165660432e-02
3.0702286753e-01
-9.6215057235e-01
3.9510577500e-01
1.3725903236e+00
6.3575289781e-01
1.1491330450e-01
9.8985110088e-02
-1.7545589280e+00
