-3.7754356168e-01
1.5599520228e+00
-1.2800270473e+00
-6.6456069005e-02
2.1368300724e-02
2.1354612420e-01
-2.0504469113e+00
6.8592782371e-01
-3.2695932372e-01
-5.5944444271e-03
-9.9931518683e-02
2.6407356785e-01
6.0902571656e-01
4.6453678770e-01
-7.2471548034e-01
-4.3435706404e-01
6.2345560359e-01
1.1522249198e-01
-9.5121532306e-02
6.6838615282e-01
4.0992085132e-01
3.4620034987e-02
-2.2862302047e-02
5.4236381733e-01
-1.0216267376e-01
-4.0641621440e-01
-5.5249623794e-01
5.9101620778e-01
1.5395927080e-01
-9.5428150613e-01
1.2728820834e-01
6.1643354202e-02
-1.3806678987e+00
-1.0613188561e-01
-4.9820558560e-01
1.1183320114e+00
1.1462833970e+00
-4.5628351043e-01
1.3779557146e-01
4.4257408008e-01
-2.2984716065e-01
-1.3388093666e+00
3.1162632253e-01
-7.5971289005e-01
2.9867878717e-01
8.7799096430e-01
1.0311906297e+00
-1.8786693386e-01
8.4387455709e-01
-1.4351398978e+00
4.1635527543e-02
2.3137622059e+00
9.4591412195e-02
1.8648854845e-01
2.3191356754e-01
-7.8122696831e-01
-6.2296418565e-01
-1.3633569607e+00
2.8002002084e-01
1.8475626223e-01
1.9702210213e-01
-4.7709055873e-01
3.5695737827e-01
1.0058164157e-01
-2.0700093182e-01
1.5203016588e-01
-9.9321412936e-03
-2.5174647863e-01
1.7597414790e+00
-3.1674667945e-01
5.8694590763e-01
4.7243270752e-01
-2.2298846584e-01
-2.0557994362e-01
2.2062331905e-01
-1.2706243603e+00
-6.2307007322e-01
-1.9940220605e-01
-4.9526555340e-02
2.4626447380e-01
4.3373520646e-01
-2.5824564395e-01
-1.3953198552e+00
-9.0391473669e-01
1.1302588338e-01
-8.3622109406e-01
-3.5604329074e-02
3.8450586183e-03
1.5143533639e-01
-9.7171482186e-01
-7.4954506003e-01
7.3470370412e-01
-1.7193770255e+00
-3.2027466420e-01
-1.2755970337e-01
-2.7965624445e-01
-5.2945053871e-02
-1.5123179389e-01
-1.4051938819e+00
1.4603981466e-02
-1.0860921653e+00
6.5329534493e-01
1.2712118164e-01
-3.6974385054e-01
7.3478762711e-01
8.5135813687e-01
7.6575092050e-02
-4.8315675541e-01
1.0215653394e-01
3.7916804665e-01
-5.6446815524e-01
-4.7108984755e-01
-2.0059113031e+00
1.1500427472e+00
4.0597872511e-01
1.3246660690e+00
-9.1162280195e-02
6.6699990521e-01
3.5908477584e-01
-3.4880551738e-01
-7.2929114994e-02
-2.2786801220e-01
-7.4333166862e-01
7.9460189852e-01
4.0088511823e-01
-6.9899753079e-02
-1.0379019722e+00
3.6717934712e-01
4.5148618089e-01
4.0002770268e-01
-8.9725550860e-01
-3.0112853392e-01
1.7260249376e-01
-5.4651480156e-01
2.7920229990e-01
5.9243251300e-01
2.4607152913e-01
2.3185240601e-01
-2.9796777494e-01
-7.6404749588e-01
6.6369546954e-01
6.1973045820e-01
3.2767011871e-02
-2.9322346301e-01
3.0047503163e-01
-8.0803191869e-01
-4.0148284205e-02
3.1781707440e-01
-1.3443728241e+00
5.0996452766e-02
-1.1519219600e+00
1.2115245909e-01
3.7803605245e-01
-1.4264815719e-01
-3.4783347149e-02
-6.3500286590e-01
