-1.0507323239e+00
-1.3992155404e+00
-1.5162636768e+00
-2.0137054552e+00
-2.0203144415e+00
-4.8106035807e-01
-1.8512303070e+00
-1.2448656000e+00
-7.6948790276e-01
-2.4641981256e-01
-1.3915823929e+00
-2.3072962187e+00
-6.5144178158e-01
-6.6025430606e-02
1.6182239298e-01
5.6099811909e-01
2.7217631847e-01
1.2758028846e+00
-8.2244356193e-02
-4.4682189037e-01
-1.0345847339e+00
-1.5989833669e+00
-8.6748419242e-02
-1.3894774937e+00
1.0273864069e+00
-1.1232419927e+00
-1.2819969093e+00
-1.0780563497e-01
-1.6693913169e-01
-2.0377606337e+00
-1.1132486428e+00
-9.7684493335e-01
2.9636466878e-01
-1.2271233821e+00
-1.3088120313e+00
-4.6699730125e-01
2.9257466042e-01
-3.7517916373e-01
-1.2941709824e+00
-7.9539096724e-01
-3.7903870899e-01
-1.4195608169e-02
8.7011674095e-02
1.1467551403e-01
-1.7411474028e+00
-1.7411607724e+00
-9.9386130278e-01
-1.5379799518e+00
-9.2493221109e-01
1.6565616448e+00
-1.9542265108e+00
9.2252414620e-02
-2.3079108764e+00
-7.8859956231e-01
-1.2373994393e-01
-5.6458089909e-01
-2.3351238172e+00
-1.3747471873e+00
-2.8483130721e+00
-8.2369773138e-01
-1.5313622460e+00
-2.7431026925e+00
-2.1158585304e+00
1.9463893347e+00
-2.5105895825e+00
-1.4861363286e+00
-1.5283004027e+00
-1.6654335842e-01
-1.3658856089e+00
3.8702809937e-02
-4.5266235093e-01
4.9312615648e-01
-1.3179050536e+00
-1.7781793052e+00
5.1547433668e-01
6.9082577820e-01
-7.1130019254e-01
-2.3764084348e+00
-4.6137494943e-01
-4.1073985480e-01
-3.1346771126e-01
-7.2909885818e-01
-2.0610884885e+00
-8.7405375818e-01
-1.2755960659e+00
-9.1455679391e-01
-1.2391735563e+00
-9.1190704747e-01
-6.6158565270e-01
-8.4449856922e-01
-1.7342102310e+00
-1.0398060151e+00
-8.5754453710e-01
-1.9204875029e-01
5.0565509980e-01
-2.8751285724e+00
2.8413511537e-01
-4.6739808193e-01
-1.8786947127e+00
-1.5161065837e+00
-1.9011638080e-02
-1.7872776507e+00
9.5723309441e-01
-3.0565692044e-01
-3.6750127306e-01
-2.4307094866e+00
3.6537503066e-01
6.6428563207e-01
-1.4654324216e+00
-9.4798852671e-01
-1.6892495545e+00
-3.0094722408e+00
-5.9999871571e-01
-1.5935757202e+00
-1.1648480989e+00
-1.2220343314e-01
-1.3675339757e+00
-1.5178262090e+00
-6.8857673659e-01
6.4215278852e-01
-1.9690792540e+00
-1.1604548710e+00
-9.8894828822e-01
-4.4634086108e-01
6.7767627784e-01
2.9880926819e-01
-4.7543726896e-01
-7.9190779070e-01
-5.9153430511e-01
-1.1593135743e+00
-1.8448322932e+00
2.1487249179e-01
-2.0063162770e-01
-1.8730447573e-01
-4.3909292462e-01
-6.5123925089e-01
-1.8302475679e+00
9.8662816179e-01
-1.1277282532e+00
-2.9846235150e+00
-2.5979992215e-03
-1.1424693602e+00
-9.6272829686e-01
-2.3370218034e+00
4.8035731156e-01
-6.5703600288e-01
9.0999244206e-01
5.4690212595e-01
-1.0655914577e+00
-1.0870787263e+00
-1.8586163622e-02
-9.3674173324e-02
-1.4825093557e-01
2.5103119157e-01
-1.5550141256e+00
-6.2559783593e-01
-1.4895110323e+00
-6.6558976952e-01
-1.8270479300e+00
9.1011517955e-01
-1.0196204687e+00
-4.2564088713e-01
-9.1860538340e-01
3.2325248316e-01
8.7971144038e-01
2.4007764479e-01
-1.1415683020e-02
-1.1894659966e+00
-3.0590198719e+00
-1.4242304751e+00
-1.0932432795e+00
-2.0211231170e-01
1.2981171757e+00
1.2179061249e+00
1.4297230713e+00
-1.8502634650e+00
-9.2894277822e-01
2.1870447690e-01
1.9011913877e-01
-8.1607820318e-01
2.5636633921e-01
8.6302158216e-01
-2.6708393866e-01
-3.6183659935e-01
5.5938929155e-02
3.6257234115e-01
-2.2287430205e+00
-1.0299475269e+00
2.1413014319e-01
-7.2926083236e-01
-1.3682124697e+00
-8.9763870501e-01
2.3623475468e-01
-1.6308819597e+00
-1.5959920878e+00
-1.5768992564e+00
-4.2031370131e-01
-2.0163545550e+00
-2.1631191283e+00
-2.0865170215e+00
-1.0679980529e+00
-3.1933399832e-01
-9.9741867604e-01
-4.3182352515e-01
3.7692211764e-02
1.9662620389e+00
4.8288438350e-01
5.6849646519e-03
2.8823152000e-01
-7.1393275455e-01
-5.5210781127e-01
-8.4337795874e-01
4.9984426572e-01
-8.8383406255e-01
-1.6360787165e+00
1.1338572221e+00
-2.6358255246e-01
-1.1652196258e+00
-3.8380798538e-01
-1.3817994896e+00
-2.4341217803e+00
3.7038932772e-01
5.0271409171e-02
-5.6418535822e-01
-2.2599257513e-01
3.0150818135e-02
3.5200387570e-01
-3.4851674866e-01
-1.3282100956e+00
-1.2746069876e+00
-3.9822766188e-01
1.3588252127e+00
1.5048827576e+00
8.5300320107e-01
-9.8822792101e-01
-5.5881450969e-01
1.0717419356e+00
-8.7225563405e-01
-1.1598608046e+00
3.6726723734e-01
7.3765021455e-01
4.4301282470e-01
-2.6434758251e-01
-1.2092279401e+00
9.9638627414e-01
1.5319757863e+00
-7.1565124428e-01
4.9812880412e-01
8.7965388404e-01
-1.9820278611e+00
9.9084884288e-01
-2.1141831964e+00
-1.1393034099e+00
-1.0260174274e+00
-1.0845794164e+00
-2.9434669545e-01
1.4746835514e+00
5.9811893843e-01
-1.8198660410e+00
8.6661534751e-01
2.3847153089e-02
4.7156651703e-01
2.5577804023e-01
-4.3276836651e-01
7.8099634059e-01
-1.1912748187e+00
9.2154463103e-01
-3.3536896184e-01
-3.8594185303e-01
-3.5623058798e-01
-8.0592225608e-01
1.7051373254e-01
-6.2468454817e-01
-2.8001564150e-01
-7.4383340199e-01
-1.3415877417e-01
-1.5800554358e+00
-4.2591843074e-03
-5.0323961238e-02
-4.6791281937e-01
-1.4993370700e+00
7.7751392385e-01
-1.6565352536e+00
-4.8524028683e-01
1.5796555074e+00
1.4743410355e+00
1.0470890005e+00
-2.0031017000e+00
-3.9909131210e-01
-6.4886670077e-01
3.7485363905e-01
6.7441462282e-01
6.8888063942e-01
2.8925209831e-01
-1.2841683482e-01
-1.9665961756e+00
-2.0548423813e-01
9.6558500208e-01
-5.2148422980e-01
6.0317989809e-01
-1.3489918096e+00
4.9381565785e-01
1.2538833397e+00
-1.3397174852e+00
-4.6971552108e-01
-2.3308063676e-01
-1.0960963318e+00
-5.4934269753e-01
-6.3595774550e-01
5.6864730075e-01
-6.6975916157e-01
7.7386620214e-01
3.4324127559e-01
8.3162529666e-03
3.7806996118e-01
4.2128285667e-01
-7.2501709745e-01
-6.7817534593e-01
-4.0044096706e-01
1.1435041236e+00
4.5157145418e-02
1.1530253907e-01
9.0959516600e-01
2.8954636033e+00
-7.0516378254e-01
-3.0842287238e-02
-4.7865802639e-02
2.6076972216e-01
-1.1087418151e-01
-5.6411942133e-01
-4.6841088617e-01
-8.3093681106e-01
-2.3044716778e+00
8.8499124373e-02
-3.4266367404e+00
-1.4314845082e+00
-9.7542850073e-01
-2.3765912758e+00
-8.1483852349e-01
8.6608185415e-01
-1.2972171882e+00
-9.7293405311e-01
-1.4229280240e-01
4.9923191608e-02
7.4778110738e-02
1.6502722517e+00
-1.3260278922e+00
1.0358497839e+00
-8.4207362503e-01
-2.9329213161e-02
-1.4315534734e-01
5.3525839599e-01
5.3152980398e-01
3.8359408679e-01
1.4387965361e+00
2.7737394367e-01
1.1938977159e-01
-4.9525981032e-01
-6.4234988411e-01
-5.0450642337e-01
-6.8935689608e-01
2.4789221458e-01
1.1525921714e+00
4.5864730198e-01
-2.9019770564e+00
8.0041916522e-01
-4.9530257778e-01
-2.1648602332e-01
1.6658354168e-01
-1.2760390053e-01
-3.0762090239e-01
6.5497000743e-02
8.0789198726e-01
-1.0031294715e-01
-1.3497607942e-02
1.4293632682e+00
-3.0067450848e-01
-6.2194792696e-01
-1.2881984042e+00
4.4977411505e-01
-7.0998264124e-01
-4.9644989556e-01
1.1244084681e+00
1.0779293985e-01
4.2520947045e-01
2.3779023636e-02
1.4219472606e-01
-7.7154312245e-01
-2.5406070590e-01
1.4909988928e-01
-8.0888427571e-01
-1.1901568697e+00
-4.7183858989e-01
-7.8207200471e-01
-4.7638491452e-01
-7.5484390589e-01
-5.5449932784e-01
-2.1915639545e+00
-2.4524129780e-02
8.7100634240e-02
-8.9399176651e-02
-9.1192432910e-01
-8.4454986145e-02
-8.2590764018e-02
-6.7685067591e-01
2.0130644576e-01
1.5707265377e+00
-7.1177507848e-01
1.3111688755e+00
7.8923756960e-01
1.4306028403e+00
-8.4531874232e-01
-7.5283608924e-01
3.9827599754e-01
-4.9887786492e-01
1.5442446018e+00
-2.9464283210e-01
-1.5906443987e-01
-1.3758352442e+00
-1.2636849960e+00
-2.4809612414e-01
-2.6181278124e+00
-1.2817186939e+00
3.1057597410e-01
9.7891622232e-01
-9.5247040686e-01
8.8984187273e-01
1.0865511882e-01
1.1313776829e+00
2.1985135819e-01
-5.0902018865e-02
3.2455613076e-01
1.8701964747e+00
7.3278625586e-01
-2.6375052112e-01
-1.5975966835e-02
-1.9470230087e+00
-2.4862515163e-01
-2.9893477649e-01
5.9836671960e-01
8.7665793327e-01
9.6326467079e-01
1.5051839487e+00
3.6159303959e-01
-7.6156740160e-01
-7.3774584178e-01
-1.8542708658e+00
-4.6073852941e-01
-8.5700880551e-01
-8.0744756693e-01
-1.9917831455e+00
1.1233872753e-02
3.1671449217e-01
-3.4914462610e-01
2.1643342124e-01
2.5818283348e-01
-7.0538419433e-01
-1.4985524111e+00
1.2999601720e+00
6.5256545753e-02
-1.0207571973e+00
8.3361864624e-01
-1.0434410905e+00
-2.7342566797e-01
6.4492462219e-01
5.4832303983e-01
-4.4045747401e-01
1.2292212554e+00
3.8190362130e-01
-2.0484130445e+00
1.5834494865e-01
3.9348032138e-01
8.4478994179e-01
-1.1877433226e+00
2.3862576953e-01
-6.4640074444e-01
-3.0982507171e+00
3.3542224581e-01
-1.4559959048e+00
-1.0511928583e+00
-7.9750759132e-02
-1.5642496265e+00
-1.9236855650e-01
-1.7777165889e+00
-2.6605043862e-01
-3.7410114790e-01
-3.5914406319e-02
-6.8200699845e-01
1.2583550487e+00
-7.0642241067e-01
-2.4287321925e-01
-1.4182841535e+00
5.1426987596e-01
1.6541622714e-01
6.6689220241e-01
-4.0903529812e-01
3.4967528025e-01
7.7932169276e-01
-1.6888151192e+00
-9.7558468188e-01
-1.0780380701e+00
-5.2542872321e-01
7.8759026432e-01
-1.6885675797e+00
-2.5870332817e-01
2.8492909900e-01
-1.3745761845e+00
-1.1965758570e+00
6.4123940165e-01
-4.4522892163e-01
-4.0289772308e-01
-1.1499939258e+00
-9.4889430878e-01
-9.7449399031e-03
3.8235462183e-01
5.1232642215e-01
1.5398943061e+00
-4.9517014887e-01
2.8822387861e+00
6.0476042973e-01
-1.2119712720e+00
-9.4062450599e-01
-7.1646847581e-02
1.3437131808e+00
-1.6316111401e+00
-1.0127411162e+00
4.7969733602e-01
-2.5485789581e+00
1.0872211035e+00
-9.3133917091e-02
-2.0119535242e+00
-1.3566368271e+00
-2.5295502903e+00
-1.8825974281e+00
-9.8090840044e-01
1.5766852161e-01
-1.8108012340e+00
-1.4008825628e-03
1.4291502194e+00
9.6959796468e-01
-3.0224519576e-01
5.3814100996e-01
1.4592048099e-01
7.2294450789e-01
-1.1072245305e-01
-1.1624320134e+00
1.0257157836e+00
-7.5273955415e-01
-3.8093322785e-01
-5.5030455852e-02
-9.3663418794e-01
-5.8886454598e-01
-7.9291570396e-01
-4.9453885023e-01
-6.8346633663e-01
-2.3268368304e-01
-7.5298877287e-01
1.2830759850e+00
-1.2639458573e+00
-5.2465439327e-01
-1.5609608056e+00
-1.9661711749e+00
3.5774173663e-01
-2.0810266634e+00
-1.6522345934e+00
3.6061863916e-01
2.5790485434e-01
-1.4127208442e+00
-2.6646445370e-01
-6.1457453919e-01
5.1471186761e-01
-3.2609456908e+00
-7.9449874044e-01
-3.0046655146e-01
-7.4379815419e-01
3.4439730005e-01
-6.7467830726e-01
-6.1658455091e-01
-1.2825607802e+00
-2.3655171187e+00
-1.5918993763e+00
-6.0673373302e-01
-9.2252494123e-01
-8.2517227045e-01
-3.8992444755e-01
-8.8275913755e-01
-3.9832324027e+00
-1.0828027975e+00
-2.1284131037e+00
-2.5149414549e+00
-1.6125403391e+00
-1.4274498160e+00
-1.1529084830e+00
-1.8292995711e+00
-5.1474240072e-01
3.6398736158e-01
-2.1319176833e-01
-6.6401756756e-01
2.1704115361e-01
2.2417964807e-01
-1.1717558091e+00
-1.1920323437e-01
-8.4719364979e-01
1.1102378553e+00
1.1064270703e+00
-4.5052374242e-01
-2.9421685144e-01
-8.0792417755e-01
-3.8842766310e-01
-5.9072603667e-01
-6.2849362468e-02
-2.9840408169e+00
-5.3748515837e-01
-1.7485380072e+00
-1.6545659282e-01
-1.1186675580e+00
-1.2579155117e+00
-1.6139569515e+00
4.4208622100e-01
-8.0393207297e-01
9.8614300528e-01
1.0262288560e+00
-5.6715779624e-01
7.8842026200e-01
1.3290449057e+00
-1.5976373158e-01
4.9818197540e-01
9.3624750868e-01
5.4177800917e-01
3.9813759409e-01
-1.1776677019e+00
2.2490520697e+00
-1.6106441920e-01
-1.9978761429e+00
1.3657313943e-01
-1.2796480469e-01
9.3532056080e-01
-1.7822373558e+00
-5.6719731485e-01
-7.6112725746e-01
-7.6331468773e-01
-2.9936702667e+00
1.3829823606e+00
-2.4493296190e+00
-1.9125058046e-01
-1.7187151777e+00
-2.1162586623e+00
1.8846716943e-01
-1.2970937860e+00
1.2042260920e-01
-4.9890113394e-01
-3.0604045992e-01
7.0194723394e-01
-1.8045628163e+00
-8.7392205279e-01
-9.8780403634e-01
-1.8838453153e-01
2.6303804362e-03
-6.9127204562e-01
-1.0350572468e+00
-2.0237041081e-01
-1.7041467120e+00
5.1699647589e-01
8.5090773370e-01
-2.1093661734e+00
-4.0550916554e-01
1.0039137563e+00
4.4985397827e-01
-3.0697162554e+00
-1.3748438346e+00
-9.1822960580e-01
-1.4790071905e+00
-2.0394015453e+00
-7.3179598433e-01
-1.1276664057e+00
-5.6582494680e-01
-2.8245074213e+00
-2.4455983670e-01
-2.3558557034e+00
-3.6329614116e-01
-2.4448899274e+00
-3.4021267247e-01
-1.1233948488e+00
3.4198955258e-01
-1.4551720814e-01
-1.1499010804e+00
-3.6770932156e-01
6.2823589530e-01
-2.7393460176e-01
-1.4156332949e+00
-6.7496020981e-01
-1.2449575602e+00
-6.4079234697e-01
-1.0551763993e-01
-9.2037249491e-01
-2.0491425511e+00
6.7689151768e-01
-2.7830413637e+00
-2.0135020166e+00
-1.2301847975e+00
-1.2037400690e+00
-2.9686009898e+00
-4.1631018043e-01
-2.1562991397e+00
-1.6252765684e-01
3.6080088801e-01
-9.0555506516e-01
-1.0400755136e+00
-1.0872224582e-01
-3.0936401553e+00
-2.5966574540e+00
-2.7544554426e-01
4.4044589017e-01
3.6346304867e-01
-2.0591165726e+00
1.1733063414e-01
1.0636877424e+00
-1.9860757124e-01
-1.1850690986e+00
-8.5893447419e-01
-2.6762295892e+00
-9.3833072016e-01
5.6924580190e-01
-1.3550160229e+00
-2.0794187646e+00
9.0873184289e-02
-1.2535840355e+00
-5.4532541878e-01
-1.4447289031e+00
-3.0806443142e-02
-3.2006962644e+00
-6.9334789233e-01
-1.4885415055e+00
-1.2191076971e+00
-2.3717455963e+00
9.9088038018e-01
-5.1915364552e-01
3.0715915918e-01
-3.1055498801e+00
-5.8046473625e-01
-2.4747527971e+00
9.0014127049e-01
-1.1946023911e+00
6.9777790168e-01
-6.7701418252e-01
-2.8108382040e+00
-1.4257784444e+00
-7.6668852430e-01
-2.3108383767e+00
-4.4764729261e-01
-1.8897655347e+00
-2.3169207915e+00
-7.9304879678e-01
-8.2502299633e-01
6.5940845123e-01
-1.0182805300e+00
-1.2399756456e+00
-7.9773565154e-01
-3.2987815321e+00
-1.3435440071e+00
9.1597096924e-01
-1.9005880962e-01
-2.2095509001e+00
-2.7023474321e+00
-2.4373122700e+00
-1.5280497633e+00
-1.3616869486e+00
-4.9381978225e-02
1.3322319879e-01
-1.1953512500e+00
1.4906296769e+00
-2.3683135858e+00
4.9667488455e-03
-4.6677909733e-01
-1.0279321842e+00
-1.3289695050e+00
-2.3609023175e+00
-1.4567562235e+00
-1.1156194283e+00
3.2151897294e-01
-1.3965691625e+00
-1.1591052447e+00
-1.8457293918e+00
-2.8367798011e+00
