8.6413281291e-03
1.1624827493e+00
3.4737642121e-01
1.2903296385e+00
8.8036892341e-01
6.4081946700e-01
1.7098866307e+00
-4.3302918673e-01
-1.7680075659e-01
1.5766963809e-01
-1.3029461744e+00
7.1662980954e-01
-1.1502270396e+00
-5.2061293442e-01
-1.0651570964e+00
-6.6650704255e-01
-2.2725563178e+00
4.9839156671e-01
7.8101026217e-01
-1.8661763841e+00
7.1823632988e-01
1.1419157298e+00
5.0187135130e-01
-7.6567699374e-02
-4.6971271427e-01
-5.0256145644e-01
7.7436009008e-01
-4.7970948941e-02
-1.7721913257e+00
4.1837625266e-01
-1.2166933585e+00
7.4155832096e-01
4.4078736707e-01
-2.3586210164e-01
8.8063561297e-01
-9.1327446290e-01
-1.3821190262e+00
2.3921029354e-01
5.5710322140e-02
-9.3057630317e-01
4.4244044987e-01
-3.5038236475e-02
3.7872433507e-01
-3.7894419126e-01
-7.3115024686e-01
2.1477688797e-01
1.2910566952e+00
-9.6054227458e-01
5.6806040286e-01
-1.4125705434e+00
3.8098290971e-01
-8.5538597668e-01
1.8954615429e-01
4.5331502497e-01
-6.6571623262e-01
-1.1258228487e-01
-6.2703386887e-01
1.1903357343e-01
4.6086235611e-01
2.9767136087e-01
1.6638485754e+00
