-2.1256603715e+00
-1.3919613687e+00
3.9679025538e-01
-1.3845618603e+00
3.7440647121e-01
2.1941470401e-01
-5.5858370971e-01
2.6581107400e-02
-6.7822137275e-01
-1.7009609062e-02
3.8403918872e-01
2.5745202109e-02
6.9528647624e-01
-2.4753199350e-01
1.5061757212e+00
2.0633385632e+00
-1.2657917978e+00
1.3471352247e+00
2.5937424897e-01
-6.2626285103e-01
-4.1967053918e-01
2.9140575027e-01
-1.6739392530e-01
-8.4477905578e-01
-2.8702452093e-02
2.0210378865e+00
4.8944107440e-01
1.0188169039e+00
-7.9104913738e-01
2.6406417463e-01
-2.3487552270e-02
1.5076944077e+00
-1.0831331045e+00
-1.3082098574e+00
-3.7526029340e-01
5.5288630077e-01
-6.6511177921e-01
-4.9524750604e-01
-8.1244480993e-01
-4.2631805267e-01
4.2749534339e-01
8.6709345258e-01
-2.4607009703e-01
-6.0116347257e-02
6.5145629241e-02
-1.7825965231e+00
2.1917015837e-01
-1.5522141098e-01
7.2471085223e-01
-3.2304224594e-01
4.0751549826e-01
1.1630861762e+00
-7.7225185063e-02
-3.0060367181e-01
1.1423385699e+00
1.2000138188e+00
-1.7381256125e-01
