1.5131655925e-01
-6.5607071555e-01
6.7737434212e-01
5.7990605322e-01
-6.2428505688e-01
-2.0784281566e-02
-1.1633262546e+00
3.3104019092e-01
-1.5159054423e-01
4.6195511456e-02
-7.7341470964e-02
1.0428684304e-01
4.1486858760e-01
4.4850278712e-01
-1.0005430565e-01
1.3134257594e+00
2.5645785566e+00
-2.5638314973e-01
7.4828601770e-02
-4.9357294313e-01
-6.2062228356e-01
-1.3416070099e-01
-2.5048361360e-02
3.8003834564e-01
-2.1376484779e+00
1.8241169179e-01
-3.5216714933e-01
-1.1036450654e+00
-7.6508091673e-01
5.7460784248e+00
7.7508893636e-02
-7.4231632143e-01
-1.5330424643e-01
-4.4815958751e-01
-7.6709405378e-01
9.1681105479e-02
1.1359013012e+00
1.6915524573e-01
-1.8259998625e+00
-6.8881875765e-02
-9.4183656496e-02
-2.7195104230e-01
7.2495257021e-02
-3.5074378745e-01
4.4352564523e-03
-2.1691820160e-01
9.7267643288e-01
4.8119650681e+00
3.1097309516e-01
-1.7283685194e+00
-3.8149268007e-01
4.4508600108e-01
2.6414775223e-01
-4.5326578556e-01
-1.6509894260e-01
5.6546319560e-01
6.2474946041e+00
-8.1800160783e-02
1.2414401596e-01
-2.0550789527e+00
-1.6995676462e-01
2.2677476243e-01
5.9606560132e-02
-4.3004317886e-01
4.0723395051e-02
1.9399757065e-01
1.3427250609e+00
3.4015032695e-01
-1.5484233559e+00
2.1908953016e+00
-6.0115566408e-01
-2.3589964180e-02
1.5336716732e-01
-2.1946825057e-01
-2.0161836024e-01
-2.7194895932e-01
1.0665737108e-01
4.1321593464e-01
-1.4864943042e+00
-9.6001664168e-03
-3.2507302161e-01
8.4140579111e-02
-8.7223983222e-02
-2.6026120066e-01
2.5168643943e+00
6.5290544161e-01
-9.1144879708e-04
-1.4084547770e+00
5.2615316951e+00
6.1168701926e-01
1.3462129625e-01
-2.5475330056e-01
-2.3528547819e-01
1.8915638170e-02
3.3038945537e-02
-1.4319914369e+00
5.8917385651e+00
2.5633884717e-01
7.7941325396e-02
-4.1489698145e-01
8.0803595114e-01
5.5488484429e-02
3.9701031426e-01
5.2213484625e-01
1.3403001143e-01
-1.5171869907e-02
-1.7850368736e-01
3.5064600705e-01
2.7173868191e-01
2.1615230201e+00
-2.4450738788e-01
-7.3562545734e-02
-1.3111508915e-01
-6.1561690759e-01
1.1382733073e+00
9.5189969948e-02
-6.7605432638e-01
1.6123489192e-01
1.3676319491e+00
-2.2733863480e-01
2.9819849293e-01
-7.7638183658e-01
3.9133338318e-03
-9.0994791785e-02
1.6168716309e-01
5.7971440658e+00
6.3075408409e-01
4.8277051881e-01
-1.6415019958e-01
2.6793775365e-02
-1.7162099771e-01
-8.3430358693e-02
1.1945648481e-01
6.9193855289e-01
-1.0032455191e+00
8.4294662487e-02
5.6622506405e-01
-3.2366599726e-02
2.3862182913e+00
3.1170762097e-01
-3.3866134355e-01
6.0119890597e-01
1.7604534366e+00
1.0996991358e-01
3.3243790380e-01
4.3134410100e+00
-3.7466709916e-01
-2.0390452357e+00
2.2840767659e-01
