-3.4572475748e-01
-2.7569621069e-01
1.0837817602e-01
-4.0395229709e-03
2.1093364826e-02
-2.4681790510e+00
-8.6747361778e-01
7.2280972306e-01
1.0793350746e-02
-4.2731250928e-01
2.0469041014e-01
1.9846305988e-01
-5.9573373742e-01
2.5251247356e-02
-7.8573812679e-02
1.5380006399e+00
3.9018711905e-01
-2.8114163357e-01
-3.3248761610e-01
3.3699783643e-01
-2.5245565568e-01
3.0481270204e-01
4.6055806871e-01
-1.5915313442e-01
1.3536072733e-01
1.2114826502e-01
3.4945450025e-02
-4.5585730798e-01
3.2333961443e-01
6.7669541921e-01
7.4605229285e-02
-1.0710593719e-01
5.9084172565e-02
-2.1583692702e-02
2.9712154975e-01
-1.1243221325e-01
5.7078762318e-01
1.2606161068e-01
1.5743165874e-01
-4.9600059934e-03
7.7895868099e-01
-2.2658759717e-01
4.8118779714e-02
-3.9191596962e-01
-1.0041722435e-01
-1.3443501554e-01
1.5410523024e+00
2.5169969509e-01
-3.3802571406e-01
-3.3376598992e-01
-2.5230576139e-01
-2.3534359808e-01
5.9546934201e-02
-8.9655390827e-02
-4.1902332431e-01
1.5198594411e-01
1.1487050989e-01
-1.8925738917e-03
-6.1734827411e-01
-2.2051139439e+00
9.1324703767e-02
1.0103352984e+00
2.2745773015e-01
-1.8370318492e-01
2.5143879414e-01
4.3239629443e-01
9.0568912146e-01
-7.4557834146e-01
1.9613238202e-01
3.4627092510e-01
2.2898200738e-01
-3.9682096445e-01
3.3064432915e-01
1.8326321860e-01
-3.8853746505e-01
3.2804291927e-01
-2.8787576982e-02
1.0676133358e-01
4.1478113292e-02
-6.4672316171e-01
-1.3845019453e-01
-4.6901525144e-01
1.7136595737e+00
1.4322075400e+00
4.4645543376e-01
-1.8340255147e+00
3.8262872718e-01
5.1422113652e-02
2.6145009117e-01
-1.7948684640e+00
1.4103585847e-01
-1.5860315687e-01
-3.7884670606e-01
1.1149797916e-02
-8.5592921590e-01
1.1784404321e-01
-8.8205810478e-02
9.2818571800e-02
7.8961115791e-02
2.4853778440e+00
3.8599097957e-01
2.3506617921e-01
3.5309240311e-01
8.6333449698e-02
9.0517411361e-01
-4.2552579279e-01
-1.5111196230e-01
1.1145928292e-01
5.0520987168e-01
6.4220593597e-01
-3.2323383428e-01
1.1718957019e-03
3.2119236723e-01
9.1706707169e-03
-3.0291766894e-01
2.1008628534e+00
-1.8833416804e-01
-1.0035341463e-01
-1.9865832221e-01
7.7893768054e-01
3.6643329238e-01
-5.0094909830e-01
-2.2889368716e+00
1.2181693822e-01
1.1779389024e-01
1.5612651642e-01
3.6289736578e-01
-4.3885193548e-02
-2.6756897832e-03
-1.4381259516e-01
-7.5799040509e-02
-3.4869166855e-02
-1.4195127233e-01
-3.4115358511e-01
2.3104992461e-01
4.9230477803e-02
-3.5153728772e-01
2.0065996411e-01
-1.2195070573e-01
-2.1502241543e-01
1.9158396905e-02
-6.9350482265e-01
1.1967883329e-01
-1.4963195264e-01
-1.7828860619e-01
-2.1790149166e-01
5.2726607938e-01
2.1435097603e-01
-7.8382309404e-01
