7.0623070893e-01
7.6894093860e-01
-7.8290162278e-01
-1.0848500988e+00
4.7047588779e-01
1.6391358608e+00
-3.3164824115e-01
1.0524637674e+00
-1.9535200587e+00
-5.6485745793e-01
1.5336027697e-01
-3.7215920450e-02
-6.0700906108e-01
-5.8702260526e-01
5.8267809530e-01
-1.0583211634e-01
-8.8790584934e-01
2.0897319178e+00
-1.0871542945e-01
-7.3688430087e-01
-4.8234968958e-01
2.2184888398e-01
8.7820094605e-01
2.6290448291e-01
-7.9335895203e-02
2.0808710606e+00
1.5971459386e+00
2.3913427815e-01
-1.4058987351e-01
1.8056898934e+00
1.2762112592e+00
5.7655098963e-01
1.0410614027e+00
2.1876993496e+00
6.9042241153e-01
3.7592876431e-01
-8.4610301831e-01
1.5447183880e-01
1.2977644217e+00
4.7858090598e-01
9.3458295813e-01
-2.6594471761e-02
8.5569859589e-01
6.4673328539e-02
9.1621164598e-01
1.8953416252e+00
9.6662348266e-01
3.4086458701e-01
5.6475614069e-01
1.9886805775e+00
2.3999305370e+00
1.7974970218e+00
5.0329660400e-01
1.0763911520e+00
-1.5925520346e-02
1.1954903160e+00
-1.1183056238e-02
