-2.0750015164e+00
-4.5060260413e-01
-1.3402267240e+00
-2.9870626275e+00
-1.2768047682e+00
-2.9416315354e+00
-2.5077018001e+00
-2.7524757001e+00
-1.2649111766e+00
-2.3487644624e+00
-1.0100951133e+00
-2.4987024649e+00
-9.3159349984e-01
-2.8686471998e+00
-1.4203412505e+00
-1.3454866394e+00
-1.9203183948e+00
-1.2903096832e+00
7.3588964994e-01
-9.7494271792e-01
-4.5028476574e-01
-1.1828401460e+00
-1.6616590724e-01
-7.2163799988e-01
1.0922813924e-01
-2.5884219320e+00
-1.4609062424e+00
-1.5416505784e+00
1.8022279646e-01
-4.1585545989e-01
-1.4737445669e+00
-2.4730561193e+00
-8.5868543371e-01
-1.5474589026e+00
-2.2341451162e-01
-1.8037948242e+00
-6.1946255361e-01
-2.4255520792e+00
3.5503623696e-01
-1.5428328611e+00
-1.7841415476e-01
-1.9941990682e+00
-1.2236234649e+00
-1.3288808469e+00
-9.3494636173e-01
-2.3202067926e+00
-8.0462174271e-01
-1.1203932803e+00
-2.1435480065e+00
-2.1708217096e+00
-2.0313920826e+00
-1.6531229943e+00
-1.5944427714e+00
-1.8051212809e+00
-1.1491225666e+00
-1.1479231741e+00
-5.2843323695e-01
-3.0905074194e-01
-1.0347036313e+00
-2.0108697170e+00
-2.1335599291e+00
-2.7015267423e+00
-1.4279379002e+00
-1.2529782057e+00
-2.1109073170e+00
-1.6657962948e+00
-9.3059053280e-01
-1.3714300725e+00
-1.0855646831e+00
-1.4957241975e+00
-5.0077906042e-01
-2.6055489264e+00
-1.6439818738e+00
-3.3712831404e-01
1.4827133638e-01
-1.9014049810e+00
-9.0327360658e-01
-1.6064296102e+00
-1.0939833161e+00
-1.0004401672e+00
-2.1352147348e+00
-2.1282945443e+00
-1.5683285295e+00
-1.0456507183e+00
-1.4682729087e+00
-1.3026542225e+00
-2.8248314729e+00
-1.2708764441e+00
-2.8799844798e+00
-4.8030978949e-01
4.5002361175e-01
-8.7602027268e-01
-3.3630391913e+00
-1.1856903074e+00
3.3988158534e-01
-5.0346162850e-01
-1.1933235056e+00
-6.7743804822e-01
-1.8023673564e+00
-6.2437676521e-01
1.2273677078e-02
-1.5230196443e+00
-7.1356585643e-02
-4.9440945803e-01
-2.0368740054e+00
-2.0338326671e+00
-3.5958778566e-01
-6.0327070012e-01
-8.1895686789e-01
-1.7322363065e+00
-5.1420244711e-02
-2.3972029233e+00
-4.9817066398e-01
-2.4040064134e+00
-9.5067337390e-01
-1.1411372974e+00
-2.0297137627e+00
-1.3046159515e+00
-3.1975985838e-01
-5.1334607976e-01
-6.6847537503e-01
3.6136502393e-01
2.5035057431e-01
-7.3411660434e-01
-4.8075235168e-01
-1.3766382678e+00
5.4504286747e-01
6.0509621761e-01
5.5100484759e-01
-6.1427290870e-01
-2.0423910617e+00
3.5680077919e-01
-8.9594887863e-03
-1.5879413164e+00
-1.3728125872e+00
7.7872242611e-01
-1.0857933673e+00
4.4401654224e-02
-5.7813468564e-01
-1.7537345373e+00
-1.7586747325e+00
-2.0061598488e+00
-1.8758248309e+00
-1.5097029672e-01
-8.8697919915e-01
-1.7890401422e+00
-1.4470108315e+00
-1.4348216686e+00
1.1650820290e+00
1.1043175484e+00
-1.0587240645e+00
-1.1262990142e+00
-1.9047390113e+00
1.7488904197e+00
1.7761950959e-01
-1.8885841082e+00
3.9143613786e-01
-7.7744126226e-01
1.1257447995e+00
1.6516443369e-01
-8.1000273295e-01
-5.8921566791e-01
-7.7870328494e-01
-1.0878930660e-01
2.4761058181e-01
-7.4828014425e-03
-2.2327455991e+00
-5.3641053050e-01
-1.6018530640e+00
4.2330498851e-01
7.6643212878e-02
-2.0372163768e+00
-6.6942649091e-01
-3.9347597912e-01
-1.1699106904e+00
-2.5987419384e-01
4.9532216982e-01
1.6849175363e-01
9.9278437477e-01
1.4871155474e+00
-2.1585583247e-01
-3.0222521446e-01
-3.3535965596e-01
1.6061125828e-01
8.8944060991e-01
-4.5366969373e-01
-3.6169342590e-01
1.9389886041e+00
6.7877486847e-02
3.7607094324e-01
-7.2019921548e-01
-1.6059131655e+00
-1.0404745143e+00
2.4025318881e-01
-1.4751727358e+00
-2.8330582864e+00
-1.5460974678e+00
-2.2496993163e+00
-3.8998025399e-01
-7.9903642950e-01
-1.6958151054e-01
7.5191250490e-01
-6.8690815106e-01
-1.5341384146e+00
2.7151180820e-01
-1.0649647859e-01
1.5158601041e+00
5.7301292631e-01
-5.8547265443e-03
7.6101887957e-01
6.9753248855e-01
1.4968697264e+00
1.5715546731e+00
1.9060347918e-01
-3.9433791027e-01
-5.4886944041e-01
-4.0652803654e-01
1.2337523340e+00
9.4085001957e-02
-9.3813677891e-01
-6.8326843052e-01
-1.6825884040e+00
-3.1060031898e-01
-1.5491730543e+00
-1.6623483025e+00
-9.5508505225e-01
-1.4282958735e-01
-3.4434811213e-01
-5.8000724803e-01
1.6454549072e-01
2.0842966277e-01
8.6467983911e-01
-9.9867832643e-01
-1.1960896024e+00
-3.6780691281e-02
-3.7152354570e-01
5.7673974022e-01
-1.9259874209e+00
-6.3517815065e-01
8.7228171320e-01
3.6395943826e-01
-3.0621684366e-02
-1.7974082664e+00
2.1949011870e-01
3.4722120248e-01
-1.4826034895e+00
1.2053449566e+00
-3.2251202927e-01
-2.4834162894e-01
1.3711011236e+00
-1.0726620240e+00
-6.4748359604e-01
-4.7398635883e-01
-1.2075153081e+00
-7.6401354680e-01
-1.9401945720e+00
-1.6910489120e+00
-8.5896496070e-01
-2.0002180078e-01
-1.3032118135e+00
-3.0771427946e-01
2.9262532210e-01
1.1492438155e-01
-1.3596702500e-01
-8.0892332695e-01
-2.1550189835e+00
8.2218187210e-01
2.8684899848e-01
5.4536773610e-01
-5.2692029285e-01
-2.0317902130e-01
-3.2442025613e-01
-4.4754534308e-01
-8.1939448918e-01
-6.2963486674e-01
6.9021926043e-01
-4.3848975434e-01
-7.5479085364e-01
-7.9031298353e-01
-7.4103664580e-01
-1.3670886999e+00
-1.8815620729e+00
-9.0816105361e-01
-2.2054040219e+00
3.9769362324e-01
-9.9248730284e-01
-6.6508057017e-01
-7.1193638223e-01
-5.9454883292e-02
7.9326299285e-01
-1.0137741646e+00
4.5362646856e-01
-8.0041375209e-01
-1.0552464526e+00
-1.7085524519e+00
6.0142979291e-01
-7.6884243426e-01
1.7521262063e-01
3.8291609003e-01
5.0439119754e-01
-8.7570651497e-02
-7.1093915826e-01
8.5969351992e-01
-3.0588994199e+00
-2.0240671277e+00
1.4071770086e-01
-6.4476477220e-01
-2.6023922100e+00
-4.1793564784e-01
-2.2365176488e+00
-7.8634220916e-03
1.2190653238e-02
-2.8790080470e-01
-1.0948089660e+00
-7.8135381010e-01
1.9581207723e-01
-9.4436992593e-01
-1.7560295819e+00
5.7722356519e-01
1.6408997953e+00
5.7619720547e-01
-9.7091277095e-02
1.0871026945e+00
-8.0706808295e-01
-1.9362501396e-01
-3.4059523670e-01
-9.3065248308e-01
2.0088095316e+00
-4.5768931020e-01
-1.2590462797e-01
-8.4313731226e-01
2.1157054572e-03
3.3553056557e-02
-1.5886349675e+00
9.4927817956e-01
-2.1423512354e+00
-1.5578120439e+00
-1.5185012233e+00
-1.1472026253e+00
-1.4222718784e+00
4.7408349360e-01
2.4871084775e-01
-1.0781756859e+00
6.1479959157e-02
-3.9033389463e-01
3.6181493984e-01
-2.5475498005e-02
9.5727668732e-01
-1.2150330201e+00
6.0687252869e-01
-7.0225132664e-01
-7.6715630693e-01
6.2513906803e-01
-2.4590306098e-01
1.8003281289e-01
-9.4769880641e-01
1.1108123874e-01
8.4203084153e-02
-6.1134044526e-01
-2.2206173873e+00
1.4892938956e-01
5.6060622596e-01
-1.8225235454e+00
-1.4535207489e+00
-8.3646556013e-01
-1.3559138990e+00
5.2260669499e-01
-1.1260496286e+00
-1.6626737954e+00
3.9707287914e-01
6.1105883735e-01
-1.3344518337e+00
-3.0727964744e-01
-1.5131431302e+00
1.3024902102e+00
-1.1777736967e+00
5.2460726610e-01
-1.2528508462e+00
7.9800523681e-01
1.1105654433e+00
-2.5926545063e-01
6.6315218951e-01
1.4658992635e+00
-1.4712825132e-01
-8.2739806720e-02
4.1834190351e-02
-1.1483948864e+00
-1.7777306874e+00
-5.0622113291e-02
-1.7940256148e+00
-3.0734560989e+00
-2.2333349078e+00
-2.0641012543e+00
-1.5851045792e+00
-2.9263521408e+00
-4.8379559896e-01
-1.5293648129e+00
-2.1735582960e+00
-1.7469169182e+00
-1.4773247963e+00
2.7481625341e-03
-3.9396279484e-01
-2.0737969070e+00
5.8662061061e-01
-6.3512228016e-01
-9.3781543075e-02
5.1173975071e-02
-3.2403893086e-01
-5.5152061173e-01
-4.9164905717e-02
4.4039102048e-01
-5.4296497977e-01
-1.7500354635e+00
6.8075397686e-01
-1.0889961853e-01
-6.0451770967e-01
-8.3375154239e-01
-1.0339597637e+00
-1.0460069833e+00
-3.4067393894e+00
-2.4132446517e+00
-1.9787072077e+00
-8.0554661779e-01
-1.8079543735e+00
-2.5103739088e+00
-2.3948123750e+00
-9.2446458428e-01
-8.9328053190e-01
-1.9937186840e-01
4.6531605850e-02
2.7234995226e-01
-1.1587260334e+00
7.3114390087e-01
-6.8204582770e-01
-6.0887519922e-01
5.2081460794e-01
2.8269097959e-01
1.4713961545e+00
2.6188231983e-01
-4.8801149459e-01
1.0465243364e+00
-6.6291384483e-01
-1.8422377553e+00
-2.3296899024e-01
-1.3142244358e+00
1.2697321915e+00
8.7020632933e-01
-7.1101864648e-01
-5.1520055836e-01
-2.0820328686e+00
-1.7537688590e+00
-9.1726738118e-01
1.7363436097e+00
-2.2310685336e+00
-8.9530322200e-01
-3.0448776245e-01
-1.1962861519e+00
-4.7512761390e-01
1.6195645037e+00
-6.3736059269e-01
6.9942829704e-01
1.2005894630e+00
-1.6154392230e-01
-8.0728200254e-01
7.4354277679e-01
-1.4487784775e+00
4.9852435290e-01
-4.2800478137e-01
-2.2115690288e+00
-2.5932949618e-01
1.3736786613e-01
-4.2542482344e-01
-7.9398796113e-02
-2.1414944121e+00
-8.0953993783e-01
-8.8408551670e-01
-5.0990495129e-01
-1.1223237427e+00
-1.2692869496e+00
-8.6980285378e-01
-2.3019991687e+00
-1.9684159343e+00
6.4466140323e-01
-1.7771123102e-01
7.8418299222e-01
-9.8455565088e-01
4.1198584849e-01
7.4024632804e-02
2.2111934574e-01
-1.7257841345e+00
-2.1302661788e+00
3.4066506359e-01
-1.7124050532e+00
-1.4201140628e+00
6.1645753651e-01
3.5578527984e-01
-5.7433425109e-01
1.1072960022e+00
4.0308918935e-02
1.2004327459e+00
-7.5496121536e-01
-2.2873514995e+00
-1.1113055420e+00
-7.2862464744e-01
-1.4454846187e-01
-1.1191513475e+00
-9.8106265822e-01
3.9477854129e-01
1.5415366287e-01
-1.0347258240e+00
1.2778479480e+00
7.6669183294e-01
-7.6654422666e-01
-1.0976457893e+00
8.7414237053e-02
-1.0832361975e+00
8.0818046703e-02
5.3481898565e-01
5.9912496016e-01
-1.0621716142e+00
-1.0643955517e-01
1.7897414346e+00
-8.2878798361e-01
-1.1845436239e+00
-5.2873202694e-01
-2.2419379441e+00
-8.4636733576e-01
1.7930661147e-01
3.4959435481e-01
-2.5334083530e+00
-2.1413298593e+00
-1.4650619480e+00
-5.9204522213e-01
-1.3915801557e+00
-1.3054798037e+00
-1.1368368062e+00
-1.0909957614e+00
-1.3601666850e+00
-1.1066333176e+00
-1.4608362858e-02
-2.8497273051e-01
-2.5962341116e+00
-1.9526937482e+00
-1.7853889416e+00
-2.0655982478e-01
-4.4658896023e-01
-8.0934949970e-01
-3.0388965836e-01
1.1043304320e+00
4.8443528554e-01
-8.1231701894e-02
-9.0131331753e-01
-9.5951539223e-01
-4.8330369623e-02
-6.8644665319e-01
-1.6313073853e+00
-1.0801139260e+00
-9.1728757196e-01
1.2326988400e+00
-7.7987384519e-01
-9.8997635695e-01
-1.5334570426e+00
-6.1893285881e-01
-3.1714508097e+00
3.7083640934e-01
-2.1393640951e-01
-8.9180203213e-01
-2.1411754628e+00
-1.7125051779e+00
-1.0579994728e-01
-6.1763454203e-01
4.2592218968e-01
5.2798425895e-02
-1.3642581882e-01
-9.4299543477e-01
-8.4032872064e-01
-3.9714520645e-01
5.5350730148e-01
-1.6511981952e-02
-4.9326698086e-02
1.8064300060e-01
-9.1197655014e-01
-1.1399670614e+00
1.2520309296e-01
2.0627868380e-01
5.1020465542e-01
-1.0436647752e+00
-9.2215992349e-01
-7.5418883706e-01
-1.1596900236e+00
-5.4384980782e-01
-6.0096624893e-01
-9.9219779936e-01
-2.5963664424e-01
1.4013699206e+00
7.1502510415e-01
-5.5080737374e-01
4.9206463760e-01
-1.2294366171e+00
8.1089300182e-01
-1.0499975825e+00
-3.8140794186e-01
5.1413603480e-01
1.7880262877e+00
1.5368540446e+00
-1.5022057756e-01
-2.6391506733e-01
-6.7788930437e-01
-1.6612871288e+00
-3.2607241181e-01
-7.0095980885e-01
-6.4698050589e-01
-8.8825119854e-01
-2.7831061426e-01
-9.2234198016e-01
-3.6104915640e+00
-7.2531763456e-01
-1.2181197839e+00
-2.1184605417e+00
-1.0749062203e+00
-5.3918445462e-01
7.9725424107e-01
3.5238352922e-01
-1.1021563617e+00
5.0502725728e-01
-3.6472341776e-02
5.0842919343e-03
5.5861428318e-01
1.9674387880e-01
-6.5867524449e-01
-4.4100685876e-01
4.3305557268e-02
7.0053508333e-01
-2.1612133518e-01
-1.6137484094e-01
-6.0800704124e-01
-1.2240625015e+00
-1.4194610476e+00
-1.0678869896e+00
-1.4645759029e-01
-6.7264957630e-01
-3.1884561523e+00
-2.2986388772e-01
-1.0737137112e+00
-1.3104507523e+00
-2.7260195627e+00
-3.0034406046e+00
-7.2920717270e-01
-1.7397614732e+00
-3.7348648096e-01
1.8473159803e-01
5.0642857434e-01
-1.2010562056e+00
4.6634070391e-01
1.6758163340e+00
-1.1903139937e+00
-1.9803814782e-01
1.9994984946e-01
-4.3312015392e-02
-1.2723226790e+00
-6.2376118188e-01
7.3357631218e-01
-1.2974473631e+00
8.2718780582e-01
-2.9146696324e-01
1.7015542932e+00
5.5500183496e-01
-4.6845857486e-01
-1.2084578706e+00
-1.5870336382e+00
-1.1721363852e+00
-1.8174675452e+00
1.8584769629e-01
-3.6603081409e+00
-9.0415332400e-01
-7.6311855335e-01
-4.5073673793e-01
1.5720574772e-01
-7.2837619839e-01
-2.0916294167e+00
1.0534710731e+00
-2.0814323791e-01
-2.7846724786e-01
-9.0680743626e-01
-2.7615711356e+00
3.7024094928e-01
4.5051054518e-01
-1.8363652085e+00
-3.1898763233e-01
-7.1124732995e-01
1.4614518982e-01
6.9085979179e-01
-1.5629601184e+00
-4.0107038977e-01
-4.7679720587e-01
-1.4767085627e+00
-4.1427992406e-01
-4.7633821981e-01
-1.8219440804e+00
-1.7785388765e+00
-1.3791894030e-01
-4.2325448179e-01
-1.3316338556e+00
-1.2510511820e+00
-1.7362473909e-01
-2.8854945346e+00
-1.1375311217e+00
-2.8793569763e-01
-1.7855931048e+00
-2.7327343134e+00
3.2214924913e-01
-1.4183250580e+00
-6.7545594853e-01
-2.3295786261e+00
-1.7257821882e+00
-1.6090038125e+00
-3.5738038886e-01
-5.2730492582e-01
-1.5438678595e+00
2.9801944694e-02
-8.4885396567e-01
1.8012398535e-02
-6.5281772420e-01
-1.1503609067e+00
-1.9567270232e+00
-1.8502548277e+00
-2.8450472946e+00
-5.2232543698e-02
-1.6055348106e+00
-1.6331501469e+00
-4.0518955009e-03
-2.7201853410e+00
-1.4175825260e+00
-1.3801119881e+00
-5.6175495901e-01
-1.1871997147e+00
-1.9107701803e+00
-1.2559876108e+00
-2.8083440974e+00
-6.1479905991e-01
-1.2715064870e+00
-1.7739163147e+00
-2.0224508410e+00
-1.0874686873e+00
-5.1638063469e-01
-2.1989925870e+00
7.1242396497e-01
-1.3324436466e+00
-3.1715665877e+00
-4.9517894067e-01
-1.2851085872e+00
4.6564352883e-01
6.6991677588e-01
-4.1179825185e-01
-5.6953677770e-01
-5.7156266498e-01
-8.2038340677e-01
2.8693480435e-01
-1.3776313068e+00
-2.1178923519e+00
-1.1918147467e-01
-1.5257540481e+00
4.9566927249e-01
-3.2520240963e-01
3.5180613714e-01
-1.6142243630e+00
-1.8225975505e+00
-1.6179942960e+00
-1.5223289322e+00
-1.2402878894e+00
-1.6641615365e+00
-3.6027818655e-01
-1.4053317286e+00
-2.6599044551e+00
-7.6450404529e-01
4.0969802878e-01
-7.4189510524e-01
-2.6480920317e+00
-2.5202979851e+00
-1.4238437476e+00
-1.8684635858e+00
-2.3492032220e+00
-6.7358102479e-01
-7.3055301688e-01
