-3.1634802623e+00
-2.2888978259e+00
-1.0358905131e+00
-2.1466793141e+00
-2.3452196876e+00
-1.6978663895e+00
-1.9560990064e+00
-2.9383093797e+00
-1.7194721197e+00
-2.2814361581e+00
-1.6808393659e+00
-2.0685631694e+00
-2.3599233560e+00
-1.3936686764e+00
-1.3252280326e+00
-2.4543369872e+00
-3.0003414184e+00
-2.6364114676e+00
-1.3323251930e+00
-3.8291733648e+00
-1.4427165907e+00
-8.6693226817e-01
-1.2779152600e-01
-1.3500097342e+00
-5.3128892304e+00
-1.6971774058e+00
-4.1384982285e+00
-2.8553919097e+00
-3.1388193522e+00
-1.7209263066e+00
-6.3325534329e-01
-3.5635767596e+00
-2.8762545480e+00
2.4466643331e-01
-6.5546393620e-01
-2.1346528899e+00
-1.3822608493e+00
1.4920549790e+00
-3.2631465716e+00
-1.1608567937e+00
-2.7829952648e+00
-3.1955052150e+00
-2.3220109955e+00
-2.8882966162e+00
-3.0390893477e+00
-2.8316170886e+00
-1.5290042730e+00
-1.3565086039e+00
-1.4494417425e+00
7.7308897153e-01
-1.7117514513e-01
-2.0790117090e+00
-2.7878378745e+00
-2.7019463596e+00
-1.5426436089e+00
-1.9727122734e+00
-2.9738878578e+00
-3.9222761079e+00
-2.2031113515e+00
-1.8137508884e+00
-2.4677787029e-01
-2.9224210523e+00
-1.7553043848e+00
-1.9177003243e+00
-1.3309980983e+00
-1.3241119201e+00
-9.2488758494e-01
-2.4839070695e+00
-1.4509551707e+00
-2.4408548707e+00
-2.4475830151e+00
-1.6627189723e-01
-1.7136204605e+00
-2.6241060666e+00
-1.5602658825e+00
-2.8527709549e+00
-3.4931084536e+00
-1.7312112313e+00
-6.4362159603e-01
-6.8928722600e-01
-1.4215979109e+00
-1.7422924131e+00
-3.0329895166e-01
-2.8065179432e+00
-1.5250184777e+00
-2.0367953148e+00
-1.9569791091e+00
-1.4681016028e+00
-1.4083696833e+00
-2.1573617810e+00
-2.7786091589e+00
-1.1853554803e+00
-1.8491089508e+00
-6.4701253705e-01
-2.2338714670e+00
-1.1559298618e+00
-1.1951182527e+00
-1.3009605779e+00
-2.7070906129e+00
-2.0138235255e+00
-4.9387786650e-01
-2.6099561954e+00
-2.2266358730e+00
-2.1447925713e+00
-1.6017495024e+00
-2.2373403508e+00
-7.4400397873e-01
-1.9552169268e+00
-1.7322862516e+00
-1.8336253019e+00
-1.8062042574e+00
-2.0599183483e+00
-2.7414390911e+00
-6.8132324497e-01
-4.1127159882e-02
-5.6055220390e-01
-1.7135887455e+00
-2.8946676362e+00
-1.4969452741e+00
-9.6823497580e-01
-1.3158330037e+00
-1.2627127370e+00
-5.6924739953e-01
-9.4197970760e-01
-9.4513471797e-01
-1.1913401979e+00
-9.4318983080e-01
-9.1758990101e-01
-2.0106579046e+00
-2.4487815121e+00
-1.2616545326e-01
-2.7534578039e+00
-1.3561698208e+00
-1.9187420479e+00
-1.1450117752e+00
-9.2107235366e-01
-3.2409236007e+00
-9.1082576754e-01
-2.1079523005e+00
-2.5747171228e+00
-3.3987491985e+00
-7.5074194757e-01
-2.9130658234e+00
-1.9381164206e+00
-6.9174789906e-01
-2.1776627154e+00
-1.4526099495e+00
-1.5502977335e+00
-6.0639629239e-01
-1.3004123823e+00
1.7318027889e-01
-5.9825183501e-01
-1.0756579446e+00
4.1249191137e-01
4.0866671684e-01
-9.1512451488e-01
1.2397792526e-02
-1.5483844606e+00
9.7330914571e-02
-2.1632872345e+00
-5.0367195106e-01
-4.5530076404e-02
-2.0144320032e+00
-2.3311521999e+00
-1.7196109733e+00
-1.5520162316e+00
-2.6124662516e+00
-1.1670205397e+00
-1.5162186222e+00
-1.6360907503e+00
-1.6846334854e+00
-2.6230997417e+00
-2.3236546083e+00
-2.1285795046e+00
-2.2307596448e-01
3.3082295727e-01
1.4383445579e-01
-1.2160893825e+00
1.4012806046e-01
-9.2467215131e-02
-8.0726886239e-01
-1.6562378327e+00
-2.0477389235e+00
-2.5504326950e-01
-9.1505925919e-01
-1.1738211956e-01
-7.7163963023e-01
-5.3045240436e-01
-1.1022742980e+00
-9.4390936184e-01
-1.3946308903e+00
-2.2718437903e+00
-9.7694809113e-01
-2.6687351162e+00
-3.0597678424e+00
-2.9149382440e+00
-1.1733518332e+00
-1.0846693349e+00
-1.3335552956e+00
-1.5335036407e+00
-2.3421125646e+00
-9.0268880369e-01
-1.2403718895e+00
-3.0200229660e-01
7.1474527490e-01
-2.8438548018e+00
-1.2747211086e+00
-4.1939403278e-02
-6.3715829005e-01
1.3517916374e+00
4.2171999118e-01
7.3911648856e-01
-9.6426709530e-01
-1.0885424266e+00
2.7362673770e-01
-1.5991158665e+00
-1.3576614373e+00
-1.6415031101e+00
-1.0204331380e-01
-9.5125145722e-01
-2.6165891099e+00
-2.0813489455e+00
-2.1084261407e+00
-2.9657464610e+00
-2.8437583862e+00
-2.1990075666e+00
-7.7768038633e-01
-1.1133478366e+00
-8.0226545212e-01
-1.2400449346e+00
-1.0441145117e+00
-1.1789375631e-01
1.5228633767e-01
-8.4043972881e-01
-5.6500463926e-02
-1.5488663645e+00
1.4089482981e-01
5.7393740406e-01
4.6251516497e-01
-1.6321627780e-01
2.9648618830e-01
-1.4498448078e+00
-1.1178614019e+00
4.0580649989e-01
-5.1629658314e-01
-1.5625782109e+00
-7.2748758076e-01
-1.0554715095e+00
-1.8281717631e-01
-2.3411311450e+00
-2.5725649938e+00
-2.1931193580e+00
-1.7565179090e+00
-3.9465268184e-01
-1.2925700040e+00
1.7266398796e-01
-1.7386768125e+00
-6.0172769659e-01
3.8873786986e-01
-3.6273482827e-01
-9.9044220388e-01
-1.1755165503e+00
-2.8622921621e-01
-2.5280361906e-01
3.5358855537e-01
1.5830321304e+00
6.4120633511e-01
1.5482570367e+00
-5.1448440952e-01
2.6181136971e-01
-1.1684727122e+00
-1.9247061812e-02
-5.4985590980e-01
-5.5382253148e-01
-2.4102130601e+00
1.2843820911e-01
-1.9779167471e+00
-7.1053566123e-01
-1.8836863999e+00
-1.3653343087e+00
-2.3203913486e+00
-2.1210763916e+00
-1.7964303210e+00
-1.8465843139e+00
-1.7926514621e+00
-1.1494367319e+00
-2.1954022006e+00
-1.1030750244e+00
-4.4491996214e-01
-1.7492520918e-02
1.0645148784e+00
-3.3871218737e-01
-6.2179622220e-01
1.7934558390e-02
-8.9650123480e-02
-4.8063208058e-01
-4.6766091717e-01
-2.6760960093e-01
4.1479855600e-01
1.6706147434e-01
-1.4358902758e-01
3.4723550183e-01
5.9899386327e-01
-1.9014577032e+00
-3.0922280073e+00
-1.1879217249e+00
-1.6561053872e+00
-2.7315953169e+00
-2.0498341221e+00
-1.9389054121e+00
-2.1749703011e+00
-1.9472632029e+00
-1.1368456088e+00
-6.5643323988e-01
-1.1423105807e+00
-4.1364960545e-01
-9.0391766475e-02
1.1013513910e+00
-1.0835984829e+00
2.8317657904e-01
-3.8853055820e-01
-1.6731071162e+00
7.2889225904e-01
2.6636141320e-01
1.0233174583e+00
8.6515475430e-01
-9.5381957166e-02
-9.4761092878e-01
-1.5829559030e+00
-1.0768140698e-01
2.2911250402e-01
-2.1029607036e+00
-1.9713313624e+00
-6.0194588723e-01
-1.8021899420e+00
-1.4384052179e+00
-2.2838820674e+00
-2.4767027059e+00
-1.3774284718e+00
-1.7026071029e+00
7.0309926109e-02
-6.6122532552e-01
-1.9357135610e-01
1.7648825000e-01
-9.9640033280e-02
-1.7422477943e+00
-1.3167467240e+00
4.8968277878e-01
4.8887340662e-01
-2.8861129058e-01
-9.0935201845e-01
2.5584591095e-02
2.1521085469e-01
1.2170216576e+00
-7.8923577880e-01
-1.3755855663e+00
-6.2590845644e-01
-9.9947209576e-01
-2.0941239054e-01
-7.8393400511e-01
-9.1850904891e-01
-6.4381438263e-01
-1.3901306839e+00
-2.2235449719e+00
-2.2294423236e+00
-2.2650326941e+00
-1.4123943745e+00
-1.5344317836e+00
-1.9505788367e+00
-1.1364379194e+00
-5.4293893913e-01
1.0064525903e+00
-6.9118599965e-01
-5.9722027856e-01
6.9758833374e-01
-1.7499310904e+00
-2.0161987366e+00
-1.2715318880e+00
-4.4602011820e-01
-7.5410532669e-01
-2.3213737249e-01
-1.1552394751e+00
-2.7987570307e-01
-4.4153120599e-01
-2.9942443360e-01
3.8644903271e-01
-1.1068242058e+00
-1.3104657780e+00
-1.5892525559e+00
-9.2543734219e-01
-3.8703383277e+00
-1.5173133850e+00
-1.9888016552e+00
-2.2931136307e+00
-2.3088641219e+00
-2.7620119397e+00
3.0613392593e-01
-1.7969700390e+00
-8.9483466438e-01
-6.9409241487e-01
1.2387525813e-01
2.1546291826e-01
-2.7018819468e-01
8.3376200989e-01
-6.9838294615e-01
1.0768071002e+00
7.2916651173e-03
1.1140390184e+00
-1.4242943874e+00
9.9783811331e-01
2.6538911618e-01
2.7500371839e-01
-8.7837618592e-01
7.1206541577e-02
3.9698422384e-01
-6.0103415838e-01
-1.5850712839e+00
-2.4587768523e+00
-6.4598387377e-01
-1.6740549202e+00
-3.5574412020e+00
-2.7175335527e+00
-1.9834834514e+00
-1.6556791490e+00
-1.7596016280e+00
-1.5822780785e+00
-6.3966438138e-02
-3.7856789450e-01
-2.3526410273e-01
-1.5377113618e-01
2.9832644274e-01
-5.6599811553e-02
2.6698552669e-01
-6.5156845382e-01
2.6585559947e-01
2.6671756899e-01
-5.3001337222e-01
-1.2823735614e+00
-2.5203099205e-01
1.1142282709e-01
4.2178666093e-02
5.2345162001e-01
-1.2877674058e+00
-2.4783477183e+00
-1.1553871365e+00
-2.2886214651e+00
-1.0372782243e+00
-1.0092389142e+00
-2.9455796953e+00
-1.6165379120e+00
-5.3032242014e-01
-2.5788913586e+00
-1.3980334349e+00
-9.8598182146e-01
-1.4633944423e+00
-1.2152385270e+00
9.5574395441e-01
-7.7557203197e-01
-7.3685675866e-01
-1.3226218961e+00
-6.8584924610e-01
8.7051260474e-01
-2.5661569599e-01
7.6264781117e-01
-1.5336677922e+00
-1.1707726337e+00
4.6311453145e-01
-3.8685161554e-01
-7.4303241142e-01
-4.4202206482e-01
-2.2367276427e+00
1.2179240172e-01
-2.0813206991e+00
-2.0303464477e+00
-1.7055490183e+00
-3.7953898638e-01
-2.6349828081e+00
-1.6701003160e+00
-1.4954030302e+00
-4.5381362395e-01
-5.4261742518e-01
-4.6008248793e-01
-1.1140564296e+00
-6.1396326344e-02
-7.2397206514e-01
-4.6213348741e-01
3.1042967335e-01
-1.4326131742e+00
-1.9404620429e-01
-1.0223352264e+00
-5.5305247117e-01
5.5922864227e-02
-7.5444831510e-01
5.7301527839e-02
-1.7143218372e+00
-1.1985115358e-01
-1.6187346319e+00
-5.7568818409e-01
1.4779906143e-01
-3.7100871937e-01
-1.5099346360e+00
-2.7556233967e+00
8.7565929840e-01
-2.6348866964e+00
-8.3880036747e-01
-2.1754052226e+00
-9.8885155314e-01
-1.3518048491e+00
-1.3061559071e+00
-1.8289185694e+00
-1.4613251028e+00
-1.6731661705e+00
-6.4134338113e-01
-1.9881588851e+00
-2.0650621910e-01
3.4136746980e-01
-1.3929277043e+00
1.9639533706e-01
-9.3745330777e-01
-1.0367157469e+00
2.8870970311e-01
9.3106452044e-01
1.3788833808e+00
-4.8972965231e-02
-2.2606720838e+00
-7.6347508029e-01
1.1530384205e-01
-1.5409523565e+00
-2.0829582069e+00
-4.7236230483e-01
-1.6079230284e+00
-1.9224440333e+00
-2.9392515930e+00
-1.6521318788e+00
-2.2850681841e+00
-7.1841304178e-02
-2.3142048315e+00
-1.5430035808e+00
5.0709897821e-01
-5.0266955792e-01
4.4598289943e-03
1.0059305057e+00
-1.3165009684e+00
-5.8890396351e-01
-1.1645044637e+00
5.8402331492e-02
-6.1817884651e-01
-4.4376878439e-01
-6.4354681433e-01
-6.4300410436e-01
6.0441195347e-01
-5.5788714441e-01
-3.2939537176e-01
-3.1210507273e+00
-7.5658536214e-01
-2.8850033569e-01
-2.2104661966e+00
-1.7720019096e+00
-4.5039204307e-01
-1.6378366515e+00
-2.8011690812e+00
-2.5479944705e+00
-2.4010050978e+00
-8.0151795295e-01
-4.9768980961e-01
-1.0870494668e+00
-2.6072236359e-02
1.6412321880e+00
-1.2835290618e+00
1.6535746286e+00
-1.1887468339e+00
-4.3701632547e-01
-9.0176930077e-01
-6.6722565132e-01
1.3382825524e-02
4.0869232424e-01
-6.9270044665e-02
-9.9399033025e-01
1.4451894242e+00
-8.6434296954e-01
5.1447709388e-01
-1.4228380407e+00
-3.3569275934e-01
-1.1527060500e+00
-1.2047322538e+00
1.3535378321e-01
-2.3339789679e+00
-2.5511755699e+00
-7.8690646117e-01
-1.8744391874e+00
-1.3840236278e+00
-2.4463967735e+00
-6.1639419383e-01
-7.3564742008e-02
-1.2528264549e+00
3.2624941261e-01
-7.4526605224e-01
-3.4470640366e-01
-3.7225167991e-01
-5.8174114702e-01
-2.4939987632e-01
-6.8383054726e-01
8.6864986129e-01
-8.1779321375e-01
-5.4583898906e-01
-1.0541284955e+00
-9.6116411073e-01
6.0509078693e-01
-8.8818739894e-01
5.1808920415e-01
-1.7715347781e+00
-6.0497197498e-01
-1.8165098687e+00
-2.8922747624e+00
-4.1950697208e-01
-2.7899494410e+00
-2.5964538555e+00
-1.9851408360e+00
-1.6763550275e+00
-1.4321782037e+00
-1.9820966147e+00
-4.7783817446e-01
-1.6085359847e+00
-1.1323891018e+00
-1.0010393733e+00
-4.1876863881e-01
-1.6851752409e+00
-1.0061661987e+00
-1.3216157239e+00
-4.5608425874e-01
-1.8032227562e-02
5.8054335534e-01
-1.5157476752e+00
-1.0508211985e+00
-1.6892267052e+00
3.8814169217e-01
-1.0300662632e+00
-1.8625628475e+00
1.0890842330e-01
-1.6042334352e+00
-1.4667589623e+00
-1.5786495359e+00
-2.5484390777e+00
-4.2338781786e+00
-3.5033840348e+00
-1.4706075768e+00
-3.7618852436e+00
-2.1633900880e+00
-1.1664469311e+00
-2.5094918460e+00
-9.3483179387e-01
-1.3653649787e+00
-4.7668847030e-01
2.0358264054e-01
-1.7429038020e+00
-8.0218149880e-01
-1.1385203627e+00
-6.3658473353e-01
-3.7066488227e-01
5.4868275154e-01
6.8609395291e-01
1.4008253128e+00
3.8902368282e-01
-2.8298613054e+00
-1.1445634992e+00
-2.0590638283e+00
-6.4053861262e-01
-1.1593816063e+00
-1.2444467224e-01
-2.5757806861e+00
-2.0624597632e+00
-1.3779038165e+00
-1.5396252298e+00
-2.1093636718e+00
-1.5222759496e+00
-3.2617446299e+00
1.5370012544e-01
-1.3914507784e+00
-7.3297334360e-01
-9.6514957766e-01
-1.6883951950e+00
-1.4642941849e+00
-2.1109045882e+00
3.3095979086e-01
-1.1708584923e+00
-7.8778360300e-01
-1.0470364808e+00
-2.7246847436e-01
-2.2969041426e-01
-6.8715219526e-01
-1.8084258302e+00
-1.8822144873e+00
-1.4560876477e+00
-3.3028417213e-01
-1.6967851114e+00
-4.2716268483e-01
-2.2198589372e+00
-2.4799615498e+00
-1.7745018717e+00
-2.5297262092e+00
-2.0035088566e+00
-1.7784084080e+00
-2.2090965946e+00
4.0613449837e-01
-6.1237400279e-01
-2.4825371440e+00
-2.5915353496e+00
-2.3216372470e+00
-1.5071412621e+00
-1.4769483246e+00
-1.5646935496e+00
-3.4182541161e+00
-2.9861291465e+00
-9.7083212636e-01
-1.8730425463e+00
-2.2833318493e+00
-2.4808214598e+00
-3.6044226507e-01
-1.7552736803e+00
-7.8172471938e-01
-1.9846145564e+00
-1.6182127233e+00
-1.5583919304e+00
-2.1545996902e+00
-2.6842652145e+00
-1.3415923987e+00
-1.5051959104e+00
-3.1019993185e+00
-3.2412924551e+00
-1.6929857496e+00
-2.5707824283e+00
-2.6573552343e+00
-8.8613086011e-01
-7.7219643477e-01
-2.5727081064e-01
-6.1677165748e-01
-1.3735066459e+00
-1.6065068490e+00
-2.3606530394e+00
-1.6813893857e+00
-1.6552005117e+00
-2.1496884655e+00
-1.5565853457e+00
-1.1982933641e+00
-2.7099083945e+00
-3.3331223204e+00
-1.2055035409e+00
-2.8757852106e+00
-1.8175691525e+00
-1.1640386785e+00
-2.8689102956e+00
-3.1350850806e+00
-2.9244527829e+00
-1.9080341903e+00
-2.1102439060e+00
-1.9908943611e+00
-1.8543095166e+00
-1.5314189974e+00
-1.5826769400e+00
-2.6862813410e+00
-3.1254609270e+00
-1.8077676423e+00
-2.5523706587e+00
-1.5290630299e+00
-1.1044118946e+00
-1.2364662495e+00
-2.2438342837e+00
-3.0224999213e+00
-2.2689558090e+00
-1.0562138117e+00
-2.3178382700e+00
-2.3777297389e+00
-1.4731101402e+00
-3.4162845787e-01
-1.7456608354e-02
-1.6251245906e+00
-2.1919490482e+00
-8.7462619458e-01
-1.3018896602e+00
-1.2599430160e+00
-1.3178927162e+00
-8.7869444907e-01
-2.1574518469e+00
-1.3923530297e+00
