-1.5598306953e+00
5.3318973305e-01
8.4059486057e-01
-4.9143950058e-01
-1.5835371790e-01
-1.9098116285e+00
3.5231926164e-01
6.9451517439e-01
3.0426754021e-01
7.1037581654e-01
8.8121157161e-01
-1.9003736650e-01
-1.0074643492e+00
7.8215631231e-01
-9.4283522699e-01
-1.1997537193e-01
-6.1780916287e-01
-1.8802060813e-02
1.2236642194e+00
-6.7759461757e-01
1.0134327163e+00
7.6510741348e-01
-9.7170801482e-01
7.3737961029e-01
-7.9642279787e-01
-1.1260005952e+00
9.2530640342e-01
1.7831874470e+00
-1.0001366324e+00
1.7640568577e+00
-1.2059326375e+00
-3.0590791806e-01
1.3253402411e+00
-6.6911193590e-01
-4.6214150089e-01
8.8114254672e-01
1.7699410756e+00
1.0207167361e+00
-5.7031754389e-02
4.7010077661e-01
8.8805894362e-01
1.3224590057e+00
-4.3953983360e-01
1.1020417997e-01
1.4000595265e+00
2.9010733167e-01
-2.8641113062e+00
1.0877135460e+00
-4.3626930462e-01
1.0460349584e+00
-3.1747108926e-01
-9.1552066528e-01
-1.1302303886e+00
7.5662829547e-01
-1.7546611604e+00
9.1119628938e-01
-2.9194543040e-01
1.3863325654e+00
9.4785141294e-01
3.1596710341e-02
-3.2263205123e-02
8.2740154422e-02
-6.3118361123e-01
7.8422680554e-01
1.5509373887e+00
3.6849768850e-01
-1.3497288784e+00
9.0715668154e-01
6.3629610221e-01
-3.7920151841e-01
9.9799503057e-02
6.2375615759e-01
4.7563886613e-01
1.0988641302e-01
2.3215863229e-01
1.6414383172e-01
-2.9363287719e-01
-4.7034583849e-01
-3.8808668048e-02
8.1400843271e-01
1.2034629203e+00
1.4952895742e+00
-5.4418078402e-03
-4.3253214522e-01
-1.3878168233e+00
8.4517725804e-01
1.9535411508e+00
-1.6218168281e+00
-9.4424618510e-02
8.5223126187e-01
1.2187343007e+00
1.3108648934e+00
-1.1358720488e+00
9.0289898805e-01
-1.4341027017e+00
9.7717853049e-01
-1.9075286427e-01
1.0773584947e+00
-1.1497977804e+00
-6.3428109417e-01
-6.0824980925e-01
1.6038355379e+00
-8.6506984931e-01
-5.6631500397e-01
-8.2298435156e-01
-3.1717648975e-01
-1.1476198701e+00
-2.0853935176e+00
1.5932961437e+00
-7.6791833232e-01
-7.6722470816e-02
8.5805094531e-01
-2.6128897310e-02
-2.5573733527e-01
1.0140505235e-01
-1.0069525063e+00
8.6427563497e-01
-4.8188657232e-01
-6.9693895567e-01
1.0654961157e+00
-4.9836160819e-01
-2.1439289296e+00
-9.3109016528e-01
5.6568797774e-01
-3.8107602915e-02
-2.2246081338e+00
-2.8797467720e-01
-4.5367722772e-02
1.7296460259e+00
1.1082121773e+00
1.0549520089e+00
-2.1951542437e+00
-1.0953631701e+00
1.5246236328e+00
-5.5717489637e-01
-1.2119222349e+00
-1.0930170790e-01
-9.0376518373e-01
1.1077535222e+00
-1.2782844313e+00
2.1327171104e+00
-1.1747405925e+00
9.5041517275e-01
-5.4113264554e-01
1.0376714465e+00
-9.2494510984e-01
1.4878765412e+00
-9.2616573137e-01
-6.9956355945e-01
