-3.6725408298e-01
1.1764018358e+00
-1.0168605852e+00
-2.4503047974e-01
-1.4583521594e+00
5.2556837628e-02
-2.4066639067e-01
-6.5180769402e-01
-5.2414420582e-01
2.0056866583e+00
1.2564576672e+00
-3.0929000778e-01
-1.0624790031e+00
3.7395141008e-01
1.7336132575e+00
-6.1521635522e-01
-1.0693253616e+00
4.6993383742e-01
-5.8245221934e-01
-6.8451266279e-01
-7.5947990970e-01
1.3666248320e+00
1.8255784830e-01
-9.3330907180e-01
-5.0342434435e-01
3.7523237806e-01
-1.2808663494e+00
2.2712963186e-01
1.7979051638e+00
4.3391345538e-01
-8.5727645912e-01
9.1287722255e-01
-8.8178033128e-02
-4.1819207189e-01
-1.0971516881e+00
1.4431443061e-01
-2.8733855385e-01
-2.3836324854e-01
-1.7856781226e-01
-8.0723918757e-01
6.2573584256e-01
-4.3271892358e-01
-1.7235140504e+00
-1.9481963531e-01
1.7674862161e-01
4.3905115677e-01
-1.2959190763e-02
6.9208551549e-01
2.9384877133e-02
-9.6492017428e-01
5.9377084931e-01
1.3188360577e+00
-1.0585475616e+00
-6.3962965681e-01
-4.3034569753e-01
-1.3842710926e-01
1.2110487833e+00
