-1.7257301119e+00
6.4617465640e-01
1.6275502093e+00
4.8726691191e-01
-1.0341711729e+00
-5.4359331217e-01
-7.8962566665e-01
1.3876440312e-02
-5.2042847715e-01
-1.0162432303e+00
-2.6470568342e-01
-3.4731894968e-01
4.7454492695e-01
5.2256852504e-02
-1.1862935890e+00
1.5042959918e+00
4.7579010739e-01
-1.1373186963e-03
1.1889678493e+00
4.2268212181e-01
4.2020673351e-01
1.4297965402e-01
4.7229066456e-02
-3.6369934448e-01
-3.6473074532e-01
-4.5484901519e-02
-1.5253006422e-01
3.1411246281e-02
-7.5227802909e-01
-6.4310893113e-01
-7.2274298011e-01
-1.0600849090e-01
-6.1292268565e-01
-6.3111903289e-01
-8.4214038818e-01
-3.5279813733e-01
1.3667917411e+00
1.5408753368e-01
-8.9279629917e-01
-1.4039452738e+00
8.4635504296e-01
9.1104497535e-01
-3.3950239280e-01
-6.9855035643e-01
-1.3700450965e+00
6.1290541824e-01
9.8082811626e-02
1.6527523982e+00
-1.4781377413e-01
-1.3780853978e+00
-9.1297767353e-01
1.2398445602e-01
1.2298333338e+00
3.8727122618e-02
-6.3292523110e-01
-5.6079484449e-01
6.6789853743e-01
