-2.9198810057e+00
-5.0329830824e+00
-2.6482203640e+00
-2.8121989717e+00
-2.6050224835e+00
-1.8663837104e+00
-2.7264097546e+00
-3.6996811544e+00
-3.5317070468e+00
-2.1880022760e+00
-4.2063084048e+00
-2.8455487823e+00
-1.5368629043e+00
-2.7501324054e+00
-2.1664888489e+00
-1.9972417320e+00
-3.6363987254e+00
-2.9689154130e+00
-3.7530848774e+00
-3.2136794066e+00
-1.9238727868e+00
-2.1134013547e+00
-2.7853568617e+00
-3.0913373867e+00
-2.5382617854e+00
-3.1847962865e+00
-4.7503339488e+00
-2.2525911464e+00
-3.2629975584e+00
-4.7497478273e+00
-2.8736491161e+00
-2.7784448603e+00
-2.3736893078e+00
-2.0014236355e+00
-9.9613376214e-01
-2.3857588722e+00
-2.3606017023e+00
-3.8456710089e+00
-2.1195369858e+00
-1.4708450619e+00
-2.9451234302e+00
-5.2418718613e-01
-2.5348489781e+00
-2.5983565033e+00
-3.6733386838e+00
-2.8897076284e+00
-1.2457160884e+00
-1.2201603966e+00
-1.9893825922e+00
-3.4329730495e+00
-1.9750240337e+00
-2.4875913704e+00
-2.0459781151e+00
-3.2260299710e+00
-2.4279172308e+00
-2.8412148281e+00
-3.8544434829e+00
-2.0848703554e+00
-2.9754315883e+00
-2.8786314265e+00
-3.0214621698e+00
-2.4330106346e+00
-3.3832512547e+00
-3.5991424832e+00
-3.0154880296e+00
-3.2625588288e+00
-2.1941351449e+00
-1.2940564402e+00
-1.2766404032e+00
-1.6528111676e+00
-3.1007025649e+00
-3.0541946538e+00
-1.7991292644e+00
-2.7892276327e+00
-9.9538291673e-01
-3.4996034003e+00
-2.9502150269e+00
-3.2386660333e+00
-2.1698083405e+00
-2.4106167665e+00
-1.4735791484e+00
-3.5045967529e+00
-2.1223357872e+00
-2.9076268162e+00
-2.0713463681e+00
-1.8939809781e+00
-3.2901285857e+00
-1.5960719030e+00
-1.3696357958e+00
-2.3044031122e+00
-3.2449187017e+00
-2.8438307143e+00
-2.9119283722e+00
-2.8008477189e+00
-2.2356042630e+00
-1.6818974790e+00
-1.3974247081e+00
-2.7322885944e+00
-3.1191289023e+00
-2.4929482873e+00
-3.3684144180e+00
-1.3911162352e+00
-1.3581388397e+00
-3.0417688563e+00
-1.1148644578e+00
-6.0785937808e-01
-2.3093590945e+00
-3.0324388638e+00
-4.8263794211e+00
-1.6322845903e+00
-3.2327572328e+00
-3.6553310744e+00
-2.9745648678e+00
-3.9021735929e+00
-1.9810290675e+00
-1.9201455372e+00
-3.3328160184e+00
-1.5132434079e+00
-6.9490881788e-01
-1.4135614562e+00
-2.2237863622e+00
-1.9885556812e+00
-7.8822070389e-01
-8.2575701289e-01
-1.2821668737e+00
-1.8474895812e+00
-1.0509763400e+00
-1.5490230773e+00
-9.8888327873e-01
-9.4411510167e-01
-1.4611469542e+00
-2.5648514282e+00
-2.2114587323e+00
-7.3433810135e-01
-2.4861902545e+00
-1.4215624568e+00
-2.0339882719e+00
-3.6249149181e+00
-1.6720105277e+00
-2.8027847915e+00
-2.8729689128e+00
-2.4400641419e+00
-4.0742039990e+00
-3.5272143109e+00
-2.4826070211e+00
-1.4267181078e+00
-6.8776635530e-01
-3.5041200351e-01
-1.2394065772e+00
-5.8501953284e-01
3.9383856701e-01
-5.1058424565e-01
-1.2804997828e+00
-9.7589928046e-01
-1.5221014261e+00
-1.1014149283e+00
-1.3297595219e+00
1.2117230373e-01
-1.2360063128e+00
-2.4154093378e-01
1.8606642173e-01
-8.1057954495e-01
-1.2256587156e+00
-1.0398593914e+00
-1.9700864886e+00
-1.4432187335e+00
-1.8154805445e+00
-4.0472998513e+00
-3.4019474556e+00
-4.9040733758e+00
-2.3675083023e+00
-1.4669654245e+00
-1.1169876825e+00
-1.9415948517e+00
-5.1508275573e-01
-1.8113457109e+00
-5.3807390965e-01
-1.5164508756e+00
4.2742061450e-01
-1.8762917917e-02
-2.0607430857e-01
-7.6969087880e-01
-7.2980140382e-01
3.4406598080e-01
-3.4479639436e-01
1.4611715154e+00
-2.2614646551e+00
9.4970894052e-01
-2.2793377499e-01
-1.3136828680e+00
-1.6328991179e+00
-2.7005527795e+00
-2.4079426741e+00
-3.3294291731e+00
-2.6058192215e+00
-2.8528210889e+00
-1.3347538756e+00
-3.2285518999e+00
-1.6618492549e+00
-1.6503330391e+00
-3.1466152015e+00
-2.2574031344e+00
-2.6791836066e+00
-6.5328145554e-01
-2.9189750677e+00
-2.5250709292e-01
1.4244125873e-01
-3.4752145479e-02
-7.6528978672e-01
-8.9464337158e-01
-7.5697622219e-02
-5.3363938226e-01
-1.5730610180e-01
-9.5222297567e-01
1.1092687882e+00
6.6041553731e-01
-3.7089359863e-01
2.9852413269e-01
-5.4011024309e-01
-1.5683097276e+00
-1.8065634810e+00
-1.2302122924e+00
-1.6311901304e+00
-7.9601424666e-01
-2.1002147094e+00
-2.8647351212e+00
-2.3492162030e+00
3.0331301199e-02
-4.2610023508e-01
-7.9606505130e-01
-1.2025539735e+00
-7.7026022688e-01
-3.1169834904e-01
-4.2451009499e-01
8.8204943822e-02
-3.9002191277e-01
-1.0025053157e+00
5.3603723640e-01
-1.1332737392e-01
-2.3169229631e-01
-1.0260879041e+00
-5.4714469845e-02
-1.6472681981e+00
-2.5881609072e-01
6.2500115519e-01
-1.1725710539e+00
-4.7721563436e-01
-1.1064765360e-01
-2.1937868357e+00
-1.6990117765e+00
-2.7251378141e+00
-2.0712893647e+00
-1.5340350537e+00
-2.0131409681e+00
-3.6004933710e+00
-2.2590688685e-02
8.5140568875e-02
-5.7123649255e-01
-1.1575846178e+00
-1.2869998953e+00
-1.9425961274e-01
-1.1584640899e+00
-8.6386047156e-01
-9.6231135982e-02
4.7587376286e-01
1.1092301434e-01
-5.9700676602e-01
6.3093988495e-02
-1.2810740224e+00
-4.0876490818e-01
1.0164405096e+00
-1.8718189674e+00
-5.7078816800e-02
-3.5454794430e-01
-6.1700897748e-02
-8.1911822489e-01
-3.2783816995e+00
-2.7186209755e+00
-6.2031455324e-01
-2.1441767405e+00
-3.1860456849e+00
-1.4985045632e+00
-3.1808021200e+00
-5.8396014984e-01
-2.4902571064e-01
-1.4544068818e+00
2.2437077908e-01
2.4634135061e-01
-6.1360029882e-01
-7.1366942216e-01
-1.6121726359e+00
4.8959338416e-01
-1.1723133872e+00
-6.7244509427e-01
-3.7091105838e-01
-8.6200057411e-01
-1.0823059222e+00
-8.0574821395e-01
-9.0733289202e-01
-7.7598886085e-02
-6.0192759169e-01
-2.3760169140e-01
6.4896327060e-01
-2.6661259109e+00
-1.9560913153e+00
-1.2952656010e+00
-6.0947883547e-01
-2.6735807709e+00
-1.6337622782e+00
-1.3556317422e+00
-2.3036747047e+00
-2.2521134473e+00
-1.8776161518e+00
-2.2294951615e+00
-1.1457690497e+00
1.4669515981e-01
-5.5277467162e-01
2.1203330027e-01
-6.0370051591e-01
-9.2627307882e-02
-1.7400464146e+00
-4.4711270675e-01
-1.1647637067e+00
6.9786472764e-02
-5.8402511108e-01
1.2299738224e+00
2.0041108095e-01
1.2173060789e-01
3.8738508275e-01
-1.7886071066e+00
5.9364264819e-01
-9.7721282418e-01
-1.1915986230e+00
-2.8670570209e+00
-2.4855569944e+00
-3.6688711929e+00
-3.3891108411e+00
-2.4593247860e+00
-3.3000763583e+00
-1.5379326989e+00
-1.8985759104e+00
-2.3065997794e-01
-1.8820569626e+00
-5.9307099670e-01
5.3022031680e-01
-1.3559675175e+00
-3.1923990051e-01
-5.1814560554e-01
1.7830330687e-01
-6.5902114087e-01
-3.7167229675e-01
-1.3233611837e+00
7.7881213529e-02
3.1031290571e-02
-6.9561386504e-01
2.6980274153e-01
-1.9651007330e+00
-6.0233048437e-01
9.3969799332e-02
-1.6046694070e-01
-3.1185772446e+00
-3.2556807103e+00
-1.5608068377e+00
-2.7178336119e+00
-5.5543027748e+00
-3.9210786130e-01
-9.5900828400e-01
-1.1736087019e+00
-1.5672718086e+00
-1.6231022545e+00
-2.3814235843e+00
-1.6382218980e+00
-8.3442992796e-02
1.1852675374e-01
4.7497434424e-01
-3.4403120113e-02
-1.1991292584e+00
-8.7505695645e-01
-5.6436229059e-01
-6.3521221737e-02
-8.4081195595e-01
6.1592017404e-01
-7.6625250661e-01
-5.1418532534e-01
4.5619589213e-01
1.8926965359e-01
-1.3923700859e+00
-1.5886679392e+00
-1.9246872867e+00
-1.4379873174e+00
-1.9410379213e+00
-3.8590735671e+00
-3.3264762375e+00
-2.2754691138e+00
-1.2477948699e+00
-1.2651500536e+00
-1.4675294376e+00
-1.5858468414e+00
-1.6424613686e+00
-6.2916692983e-01
-8.9475497705e-01
8.0612048031e-02
2.2039723277e-02
6.4926574198e-02
1.4606730652e-01
-8.6436706111e-01
7.4062902165e-01
-7.2908754202e-01
-3.0329565266e-01
3.2675145841e-01
6.4917038846e-01
6.2579392959e-01
-3.3420723906e-01
-1.6810653733e-01
-2.1410400448e+00
-1.3224586002e+00
-2.3828404278e+00
-1.2425804188e+00
-2.9809529051e+00
-2.3408939082e+00
-2.0307584310e+00
-2.0968812575e+00
-3.0150361153e+00
-2.0264184444e+00
-4.9421588223e-01
-1.1687061964e+00
-1.3586579883e+00
-2.9031160915e-01
-2.6450036662e-01
-5.9702821072e-01
-1.2050119516e+00
-1.4526006134e+00
-1.1387320756e-01
9.9869073167e-02
5.7055213958e-01
-9.0323164956e-01
8.9223760581e-02
-1.5761681488e+00
6.9648191381e-01
-1.5896869306e+00
-2.3606037597e-01
-1.0584474889e+00
-1.5558521066e+00
-1.0713176950e+00
-1.4041092364e+00
-1.6376434061e+00
-1.3242877368e+00
-4.2541906141e+00
-2.9490563900e+00
-2.0773609952e+00
-2.1789001197e+00
-2.2244867481e+00
-7.2732546041e-01
-1.7667878485e+00
-1.9597181778e+00
-6.4380649415e-01
-3.1873881735e-01
-7.5129267565e-01
-1.2596904595e+00
-4.7862352787e-01
2.7011243278e-02
-6.2913000979e-01
-8.7622650054e-01
-7.7137329944e-01
-1.0929755190e+00
-5.4391985569e-01
4.7356573719e-01
1.6919694175e+00
-1.3346468003e+00
-3.9745798961e-01
-6.7562844682e-01
-3.1527148675e-01
-1.1580187127e+00
-1.2371904893e+00
-3.0837154320e+00
-2.6459314144e+00
-2.7574869679e+00
-3.2363360622e+00
-1.6531595741e+00
-3.0692795117e+00
-1.5930223597e+00
-3.2573063632e-01
6.9507235712e-01
-2.2792085977e-01
-6.2781749952e-01
-4.9707824004e-01
-4.0961796867e-02
-7.1119042665e-01
4.4147163341e-01
2.9005315400e-01
-1.9991656796e+00
-1.7113097038e+00
-8.5241127219e-01
-4.7401701712e-01
2.4610942054e-01
1.8524044733e+00
-5.2730593281e-01
-7.2484435546e-01
-1.0612616415e+00
-7.7930914486e-01
-4.6104470972e-01
-1.6846902063e+00
-2.5529559649e+00
-1.5639363454e+00
-2.2484501723e+00
-2.9875768422e+00
-3.2422002448e+00
-2.1720717766e+00
-1.7598143372e+00
-1.3676079505e+00
-8.7199935318e-01
-1.0725279728e+00
2.6479295013e-02
-3.1131486042e-01
-1.0193317256e-01
1.3630912916e-01
-2.1054649877e-01
4.3063089589e-03
-8.5854020607e-01
-1.0286632414e+00
2.0512012801e-01
7.8380417546e-01
-4.4619347139e-01
-3.3976561655e-01
-6.0446185524e-01
1.1243570584e-01
-9.6782547346e-01
7.0902994616e-01
-1.1736348054e+00
-3.0842142725e+00
-1.4357334008e+00
-2.7234966421e+00
-3.1384668974e+00
-1.5509571631e+00
-2.5206372509e+00
-1.6167246216e+00
-1.2305120094e+00
-1.7213118237e+00
-6.0178282907e-01
-4.5249671111e-01
-2.6263492744e-01
-3.0503501105e-01
-7.4745909023e-01
-8.4452535472e-01
-3.5542951505e-01
-4.6758702850e-01
-5.6886892538e-01
4.1751849461e-01
-5.2264595164e-01
6.3966731108e-02
-7.7319852664e-01
-9.9602371051e-01
-5.4212737519e-01
-1.7076194726e+00
3.0864511296e-01
-2.3539614002e+00
-1.2173912127e+00
-2.0765703276e+00
-1.4374933011e+00
-2.8333570750e+00
-1.1371337348e+00
-2.1366091991e+00
-3.2778811151e+00
-2.9149823429e+00
-1.2940982642e+00
-1.4841312022e+00
-1.2534519418e+00
-1.5735760865e+00
-1.1132908851e+00
-9.4848186804e-01
-7.4386867648e-01
5.1848437283e-01
3.5400911249e-01
-7.8055039842e-01
-8.0911314754e-02
-6.6499681460e-03
-1.0277735018e+00
-9.8302567449e-01
-1.1271462883e+00
-4.1156540076e-01
-1.5764191304e+00
-9.8786117895e-02
-1.5498646835e+00
-2.0925975105e+00
-7.6386890308e-01
-1.0223903277e+00
-2.9948193937e+00
-5.1648229440e+00
-2.3471115430e+00
-1.1134969707e+00
-2.1398685498e+00
-1.9938175837e+00
-7.9575126054e-01
-5.1286627859e-01
-3.0354995935e-01
4.9496272975e-01
-1.6742238071e+00
-5.8086752300e-01
4.4670724182e-01
1.1899132176e+00
-9.7075213186e-01
-5.3647647071e-01
8.0809183484e-01
-4.1616470161e-01
-2.9562045507e-01
8.1119684115e-01
4.6842678601e-01
-4.1173369990e-02
-8.7905073132e-01
6.2971686357e-01
-1.9188065026e+00
-6.0915672169e-01
-2.1976551060e+00
-1.9830998278e+00
-2.4627775475e+00
-1.7556725788e+00
-3.9185694520e+00
-2.6867605476e+00
-2.7511483221e+00
-2.1973837975e+00
-5.7781200668e-01
-9.3991468918e-01
-1.9285954415e+00
1.9307440739e-01
-1.5174555198e+00
-1.9903484718e+00
8.5708139733e-01
-1.6354914442e+00
-4.8083248919e-01
-3.5349232899e-01
-1.9202114532e-01
-6.9867868570e-01
-1.3741416132e+00
-2.0232244124e-01
-1.6531511556e+00
-1.0036209462e+00
-2.0972555731e+00
-2.7940606041e+00
-4.8462589412e-01
-1.7899233749e+00
-7.0645486864e-01
-2.2227589986e+00
-2.4283505674e+00
-3.4339749173e+00
-3.6922136847e+00
-3.7438203293e+00
-1.2904564052e+00
-2.0134059447e+00
-2.7139659070e+00
-1.1974958085e+00
-2.4033866304e+00
-1.0454501866e+00
-9.0780598476e-01
-6.8228299130e-01
4.2085253718e-02
-2.1888575155e+00
-1.4424258824e+00
-9.8747719944e-01
-5.7101559945e-01
-5.8113646666e-01
-1.9071899305e+00
-2.2959292377e+00
2.3119279415e-01
-4.9086437472e-01
-1.7444032673e+00
-2.0694982189e+00
-2.9997358434e-01
-3.4608092743e+00
-2.9638271862e+00
-3.0445838650e+00
-3.5281738981e+00
-2.4743421320e+00
-3.0339723502e+00
-3.1780510355e+00
-2.7516199944e+00
-2.5488729364e+00
-1.0277619175e+00
-1.9381298608e+00
-3.0517375507e+00
-1.5329630874e+00
-1.3606657803e+00
-1.6892660964e+00
-1.6012003397e+00
-2.8570304779e-01
-2.6254296898e+00
-5.8515364760e-01
-1.5045296685e+00
-5.2927456553e-01
-1.6817082407e+00
-1.1521437303e+00
-2.3270269292e+00
-9.9542007652e-01
1.2222797699e+00
-3.0359561876e+00
-2.0124972636e+00
-1.9792176713e+00
-1.3792212075e+00
-2.9836064946e+00
-2.9544832618e+00
-3.7333733229e+00
-3.3508589328e+00
-3.3442195491e+00
-2.0716181058e+00
-2.2528170175e+00
-1.2103741247e+00
-2.6482933229e+00
-6.1078217427e-01
-1.5369384310e+00
-1.2618963947e+00
-3.5848581421e+00
-1.2987439256e+00
-1.4608303119e+00
-3.2707848615e+00
-1.8357006774e+00
-1.9654739395e+00
-1.3340691957e+00
-1.9255927654e+00
-2.8044905900e+00
-3.8116329743e+00
-1.1727158011e+00
-2.9381937329e+00
-1.7911375183e+00
-1.8100628089e+00
-1.1045390553e+00
-3.5155923221e+00
-3.1802850091e+00
-3.9122212539e+00
-3.4494472290e+00
-2.1448463079e+00
-2.1084969115e+00
-2.5536993281e+00
-2.3105170120e+00
-3.4549572921e+00
-2.4140980243e+00
-1.1840618783e+00
-3.1821283779e+00
-2.1895194293e+00
-1.4060187538e+00
-1.7872826797e+00
-1.6481672224e+00
-3.4068455253e+00
-2.7230399422e+00
-1.7280923944e+00
-2.2923197548e+00
-1.7861085890e+00
-2.2194809349e+00
-3.2114250817e+00
-1.1882620084e+00
-2.2075644344e+00
-2.1903191603e+00
-2.3973720433e+00
-2.5716615376e+00
-2.4399655028e+00
-3.4377046534e+00
-2.9404890939e+00
-4.2647256433e+00
-3.4027468863e+00
-2.4113468497e+00
-3.3608568924e+00
-2.9934950701e+00
-2.6718444166e+00
-2.0595398639e+00
-1.6086357346e+00
-1.9940965827e+00
-1.2945878392e+00
-4.7008568843e+00
-2.2122255553e+00
-2.5019760847e+00
-5.5545251677e-01
-1.1154331312e+00
-2.3517915998e+00
-1.9525647409e+00
-1.6251344013e+00
-2.8900587086e+00
-2.7666169735e+00
-1.0092165439e+00
-1.7515208605e+00
-2.9223218819e+00
-2.7966957060e+00
-2.1419741933e+00
-3.2767286364e+00
-2.0903684924e+00
-1.8515289323e+00
-3.4353101954e+00
