2.1037689954e-01
-6.8109284205e-02
5.5485535512e-01
1.9561871846e+00
-1.7692763083e-01
4.3831775603e+00
-2.3894338893e-02
1.4502743315e-01
-3.2665064132e-01
1.7954216589e+00
1.0372955663e-01
2.3733863934e-01
3.5783502512e-01
3.6370998577e-01
-1.0253653439e-01
8.9118747539e-02
-6.2698195778e-01
-5.5515122788e+00
-4.5559355891e-01
-1.2649341159e-01
1.0216681869e-01
-4.7530542481e-02
2.4142330183e+00
5.6172175961e+00
8.8597583563e-02
-1.9415306317e-01
1.1474105379e+00
-1.4479174979e-03
1.8181266699e+00
-1.3517456962e+00
1.0323244450e-01
3.7137327544e-02
-5.7215221429e+00
-7.3264649486e-01
3.4592606066e-01
2.1529488292e-01
1.6379751446e+00
-7.1179677309e-01
-1.1422066190e-01
-6.4497965331e-02
-8.5870418589e-02
-3.8055237734e-02
-2.1710597324e+00
5.9171779975e-01
-1.5523794574e+00
2.7716586475e+00
1.1083884549e-01
2.3129960137e+00
8.0064619991e-02
2.6860340510e-01
2.3750352190e-02
3.0227938879e-01
-2.6354204065e-01
3.5505958298e-01
-7.0772066577e-02
8.5951800085e-01
1.6420470421e-01
-4.3975581659e-01
-4.0055879511e-01
8.2460207526e-01
-2.0947839342e-01
5.3424546097e+00
-1.7390154091e-01
-7.9978360947e-01
-3.8348685718e-01
-4.8165237187e-03
1.3454464406e+00
4.0895919437e-01
2.9907454922e-01
5.4886755651e-01
-7.2487771630e-02
-2.4348850270e-01
-1.1637592697e+00
3.0014373610e-01
1.8921333850e-02
-7.5415677348e-01
-2.0022471994e+00
4.6763767340e-01
1.7405371285e-01
5.4717984320e-01
6.5369064627e-01
6.1911689823e-01
7.9830644064e-02
-2.4183208228e-01
-7.5897241596e-01
5.7159767930e-03
-4.0000133974e-02
-4.1919576863e-01
2.2366473506e-01
9.4250325430e-02
4.9313000453e-01
1.1914001285e+00
-2.5816117155e-01
-8.9407300610e-01
8.4846375594e-02
9.0117291384e-02
9.7094683790e-02
2.1120237110e-01
-3.5078017002e-01
4.4111880735e-01
-6.5984352598e-01
-3.6991382422e-01
-1.4635371990e+00
-3.6959201632e-02
-3.0363509719e-01
5.3737497637e-01
5.9620324329e-01
-4.4972118697e-01
-2.5771425546e-02
-2.6337288169e-01
-2.4825898686e-01
-1.4194277431e-01
7.2259393115e-01
-5.3206080042e-01
1.4531544420e+00
-1.9632057421e-01
-1.8061955202e+00
-3.0933497750e-01
-2.2041197246e+00
-1.5455080837e+00
-1.0304267914e-01
-5.7102921871e-01
9.6291631928e-01
-1.4272058959e-01
9.3796203385e-01
6.7267290341e-01
1.6455042569e-01
-5.1135742234e-01
-2.3965519442e-01
-7.2025575166e-02
-9.2524740125e-01
6.6134747884e-02
-5.4230988497e-03
-1.8203732598e-01
-3.6886053018e-01
-2.0385110385e-01
4.2762931476e-01
1.8632853988e+00
-9.2345816275e-02
9.0769261969e-01
6.8844587972e-01
-7.6334819921e-01
2.7216267469e-01
2.1544245637e+00
1.7611768005e+00
-1.3083275864e-01
-5.3727942125e-01
1.1572388225e-01
-1.6928178181e-01
