-2.0990338812e-01
-6.2992617390e-01
2.5044652940e-02
3.8710318833e-01
-6.0357703371e-01
-2.0499907525e-03
3.7618304744e-01
-1.1472546607e-01
-3.3189448969e-01
7.1638518922e-03
8.5634119747e-02
-1.4093502184e-01
3.2587257790e-01
2.6696617353e-01
1.4113842445e-01
-1.0915918462e+00
-4.1422542292e-02
2.7447177041e-01
1.1756977775e-01
-7.0972187580e-02
-4.2167448213e-01
3.7061899665e-01
-2.3059889935e-01
-6.9168797603e-02
1.1087459078e+00
-4.3541185479e-01
1.3453822775e-02
1.5995312891e-01
-2.0249105106e-01
2.7097787027e-01
-1.3240643664e-01
2.5681885579e-01
1.0601559756e-01
-6.1870809740e-01
6.3956722144e-02
-1.6111626081e+00
-1.9750946516e-01
-8.1107945532e-01
-4.3746108630e-01
4.7617279899e-02
-3.7197704857e-01
4.7707388539e-01
-6.3226437237e-01
7.4916844492e-02
1.7362578612e-01
-8.5846459677e-01
4.4444551633e-02
1.1462342829e+00
1.9249305214e+00
-2.6634948971e+00
-3.9043528509e-02
-4.7486283384e-01
1.5624486691e-01
-7.7043111638e-01
-1.4344180816e-01
-8.4737665039e-02
5.6651413872e-02
2.0354545011e-02
-2.9841697405e-01
-1.5321864558e-01
4.5091068453e-01
3.0841339395e-03
3.5402413265e-01
1.4735846243e-01
-1.5459913643e+00
9.1341182855e-01
3.2785448819e-01
-2.4874934326e+00
7.5123399861e-02
2.2962987955e-01
-1.0153870645e+00
-2.4009204646e-01
-2.4355186229e-01
-1.9968782081e-01
-4.9251427603e-02
1.3786599491e-01
1.2315321769e-01
-2.0860613584e-01
-1.9541557484e-02
-3.5502979795e-01
-6.1188930117e-02
-9.6803849097e-02
1.6033554478e-01
-6.9941258120e-02
1.4492456428e-01
5.5475474105e-02
5.6611850308e-01
-1.7582604190e-03
3.6181893515e-01
-1.5109971403e-01
-1.1811957716e-01
-3.2875939731e-01
2.1575967667e-01
9.4802991873e-02
-5.1882836281e-02
-1.4185593313e+00
1.7680703593e-01
-1.5779916970e+00
3.3846480988e-01
-1.1730765192e+00
-1.1956164288e-01
-3.8131326914e-02
-5.6756526154e-02
-4.5230679752e-01
-2.5298182727e-01
1.2810930920e+00
6.7978002629e-02
1.9563470065e-01
-2.1870535526e-01
-1.2848290360e-01
-4.0281245980e-01
-1.1661815296e-01
4.7734301258e-02
-9.1115054621e-02
3.7086684609e-01
1.7965707942e+00
-1.5943537669e-01
-1.0670409778e+00
2.2336735693e-02
-2.4321814918e-01
9.7891280855e-03
-2.5914613378e-01
-3.6995471678e-01
1.4534620350e-01
-1.8790190554e-01
5.4395759347e-02
6.3146504343e-02
1.2560723823e-01
-2.5057393939e-01
-9.7694076242e-02
-8.7016698804e-01
-2.0247555162e-01
1.4386031514e-01
5.7006492597e-01
-5.2648340766e-01
1.4326838204e-01
1.2281292099e-01
-2.1340946772e-01
-1.8319325200e-01
-2.3065601327e-01
-4.1813259556e-01
5.9897504273e-02
9.9806218550e-02
1.6122589325e-01
5.6342811370e-01
-8.1340451017e-02
8.5746860576e-02
-1.6865098391e-01
-9.9848664261e-01
