-1.6263940259e+00
-2.1406230144e+00
-6.8983095323e-01
1.8508299841e-01
-2.3516614130e-01
3.4634539243e-01
-1.3599632621e+00
-2.7474022247e+00
-7.9088917935e-01
-1.0928839219e+00
1.4294011367e+00
-5.7960688304e-01
7.5144696117e-01
-2.0162668837e+00
-7.6417744120e-01
-1.8446284569e-01
-8.2499199776e-01
-2.1662499983e+00
4.4734697290e-01
-2.3442709907e+00
3.2818592857e-01
-1.6030506721e+00
-2.1470862284e+00
-7.4678448179e-01
8.2318180715e-01
-1.2109825937e-01
-9.4917230126e-02
1.4822097499e+00
-6.1315479952e-02
6.4567161073e-01
-5.8141416054e-01
6.0562470024e-01
2.4172454936e-01
-3.8127403683e-01
-2.0203534073e+00
4.7604815396e-01
1.7693117384e-01
-1.1642224235e+00
1.1629831124e+00
1.3038648925e+00
-8.6597173499e-01
7.6725134355e-01
-1.6172204201e-02
-1.0616441405e+00
7.2492583168e-01
-8.8495058039e-01
-1.2899349262e+00
5.1224281764e-01
-1.3870107224e+00
5.6152023749e-01
4.5623760736e-01
8.8087687173e-01
1.4367221878e-01
4.9346395259e-01
1.4811341439e+00
6.3789774241e-01
-1.9130046158e-01
-4.0681373777e-01
-1.5423765528e+00
-1.4928388548e+00
1.9583459762e-01
-3.5053187370e-01
1.8955969916e+00
-7.6338967756e-01
7.3748211657e-01
-4.6986500673e-01
-1.3785929676e+00
-6.6323583135e-01
-7.4258775405e-01
-1.0372035138e+00
-6.4543377190e-01
-1.4052021785e+00
5.8037331179e-01
-1.1935282585e+00
-2.1170008896e+00
5.6060650793e-01
-1.4507179734e+00
8.4975852109e-02
-1.3093528825e-01
5.4047557895e-01
-1.3621672935e+00
1.4300758979e-01
-1.3579313953e+00
-8.4314517860e-01
7.1898798504e-01
-1.0070075453e-02
1.4692746501e-01
3.2108319248e-01
1.9441618791e+00
1.5805383626e+00
-1.9978916576e-01
4.8164714117e-01
9.6676397664e-01
1.7112692381e+00
1.3351344672e+00
-1.1826780465e+00
-1.1477996005e+00
-1.7259099428e+00
2.2557668169e+00
-8.9738713671e-01
1.4167250922e+00
8.4899496481e-01
-1.7704558236e+00
-4.2970634239e-01
2.0921097897e-01
8.1393881903e-01
-4.1526852205e-01
7.1481907800e-01
1.7655983494e-01
-1.1082554231e-01
-3.7656817769e-01
1.7147532495e-02
5.0211011933e-01
2.1868335060e+00
7.9840700212e-01
7.5598483592e-01
1.1413333869e-01
-5.2817054076e-01
4.7201931499e-02
-5.5858828081e-01
-3.7804226275e-01
4.7248483202e-01
1.1369841504e+00
7.3932721866e-01
2.1606523883e-01
1.6436302524e+00
-2.3056778549e+00
1.1055171319e+00
-1.1496810362e+00
7.9041471774e-01
-1.5523414075e+00
5.8189487871e-01
-9.6713939234e-01
-1.6387781889e-01
9.9595225042e-01
3.0278204246e-01
1.2579929351e+00
2.0253475232e+00
-8.0010464459e-01
-6.8160196169e-01
-5.4093928615e-01
6.9957000770e-01
-9.2431503991e-02
3.9470834948e-02
-4.8945288640e-01
3.7227113632e-01
1.7735847071e-01
1.0353562441e-01
-7.8518477954e-01
