-2.7441963811e+00
-3.6019494837e+00
-5.4719704275e+00
-2.7996444025e+00
-3.0991659210e+00
-2.5182068809e+00
-3.8925803637e+00
-2.0242546783e+00
-2.9211704482e+00
-1.8939317496e+00
-3.8611873009e+00
-2.3133298694e+00
-3.9321059033e-01
-7.5056309861e-01
-3.7553364639e+00
-3.1347084788e+00
-3.2342275935e+00
-2.6329353088e+00
-2.6032117866e+00
-3.4498035192e+00
-3.6843842854e+00
-3.2261000883e+00
-3.9992558701e+00
-4.5012217213e+00
-4.0280872537e+00
-2.7021677004e+00
-2.8383540249e+00
-3.7994596857e+00
-3.2365681348e+00
-3.1982454979e+00
-3.9734235027e+00
-2.6326999624e+00
-2.9105273663e+00
-2.0248594594e+00
-2.6849379070e+00
-1.7615699227e+00
-3.3603566067e+00
-3.7740404607e+00
-1.4298356080e+00
-2.6326351210e+00
-3.4128611318e+00
-2.6674044185e+00
-1.2801649186e+00
-3.8324231625e+00
-2.7813224860e+00
-2.9295299203e+00
-1.5104842020e+00
-1.6217647070e+00
-2.0873594595e+00
-1.9751144778e+00
-2.7562905255e+00
-3.1486623498e+00
-2.6687706066e+00
-2.8038179580e+00
-2.8848332807e+00
-4.9797221873e+00
-3.7777888780e+00
-2.2718998873e+00
-3.7350913153e+00
-3.1371412217e+00
-2.3279092982e+00
-2.6381998244e+00
-3.8313643682e+00
-2.5250075564e+00
-2.0668367783e+00
-2.3632115902e+00
-2.4519418874e+00
-2.5603275320e+00
-2.0167320742e+00
-1.9680498708e+00
-3.2976597486e+00
-1.6684577449e+00
-1.5539831380e+00
-5.3643860465e-01
-5.5581562213e-01
-2.1923650932e+00
-2.3404157732e+00
-2.5297144347e+00
-3.1182608690e+00
-1.1857474851e+00
-3.1201643113e+00
-2.3567199946e+00
-4.5444047432e+00
-3.3565696490e+00
-2.0814047874e+00
-4.8720670053e+00
-2.8066737509e+00
-2.1956035624e+00
-2.1504137805e+00
-2.3703480102e+00
-2.3643138210e+00
-2.2388330695e+00
-4.6827830124e-01
-2.0058797618e+00
-2.2606504949e+00
-1.5095873007e+00
-6.5661475878e-01
-1.1869576220e+00
-1.0014185748e+00
-1.7789249797e+00
-1.6019891571e+00
-7.4824593844e-01
-1.7463982453e+00
-1.2748324117e+00
-2.8317065579e+00
-2.9144039636e+00
-1.5384547851e+00
-1.7713733946e+00
-1.5410385124e+00
-1.7371821017e+00
-3.0352289524e+00
-3.8218542772e+00
-3.2066317396e+00
-5.5266679887e+00
-2.8867296326e+00
-2.2152155168e+00
-2.9188044033e+00
-2.2047326776e+00
-2.0687165060e+00
-1.0058915538e-01
-1.9150944623e+00
-2.8230022329e+00
-3.6162919061e-01
-1.8489265355e+00
-3.3201414783e+00
-8.4830600063e-01
-1.1433882426e+00
-1.4316713781e-01
-1.2654417776e+00
-1.1636994299e-01
-1.6626250007e-01
-1.7426323371e+00
-1.1824201650e+00
-1.7368625033e+00
-2.1139723895e+00
-2.3003695752e+00
-1.1536050794e+00
-2.8184026087e+00
-1.4683827698e+00
-3.2472344796e+00
-2.7937381741e+00
-3.1869218252e+00
-2.5484011067e+00
-1.3058246776e+00
-7.7967585162e-01
-9.6288641014e-01
-5.9326402802e-01
-8.2867547917e-01
-2.2735890778e+00
-2.2539138941e+00
-8.9365712126e-01
9.0030894953e-01
-4.7062608538e-01
-7.0242458509e-01
5.6640077208e-01
-1.0536733539e+00
-4.9151335083e-01
-7.2697377979e-01
-6.9251863871e-01
-1.1364443843e+00
-5.7128875722e-02
-1.6743942546e+00
-8.2447788462e-01
-1.4677947433e+00
-6.7739695032e-01
-2.6652248821e+00
-1.0652415210e+00
-3.2255108032e+00
-3.7284152444e+00
-1.7456518290e+00
-2.9066058304e+00
-2.8684787809e+00
-1.9719984535e+00
-1.5417406923e+00
1.2244748754e-01
-1.0876785178e+00
-1.6860162509e-01
1.4419957371e+00
-1.3659251510e+00
-1.9163238974e+00
-1.4129108632e+00
6.1279908204e-02
-1.1636766654e-01
7.0645814767e-01
9.3813966747e-01
1.0183386402e-02
-4.6980171711e-01
-3.8453836796e-01
2.1978925219e-01
-6.2836972382e-01
-2.0353203739e+00
-2.3298573638e+00
-1.7307852544e+00
-2.4022932861e+00
-1.8258263887e+00
-2.8364051819e+00
-2.7615973394e+00
-2.9894282741e+00
-2.3198775534e+00
-2.3999294555e+00
-2.5283442522e+00
-1.2603503393e+00
-3.3967563335e-01
-1.0255748974e+00
-7.4619597531e-01
-3.8463058527e-01
-7.4998701722e-01
-1.1892425509e+00
-2.8136009038e-01
-8.5996560553e-03
3.4519190542e-01
-3.9337567530e-01
7.3565696083e-01
4.4907625289e-02
1.3126576784e-01
-1.9925467927e-01
1.4909339650e+00
-1.2849788034e+00
-2.0365019287e+00
-8.9768391231e-01
-1.1927063713e+00
-1.7960914846e+00
-2.6838455269e+00
-2.3367860197e+00
-2.1524309050e+00
-1.8619198993e+00
-2.2970475816e+00
-2.0558584144e+00
-9.7617091146e-01
-1.4363692026e+00
-1.1800428569e+00
-5.1913237724e-01
-3.4227143864e-01
-1.4333925986e+00
-2.5885388606e-01
-7.6460154038e-02
6.0444784404e-02
2.6574318629e-01
3.8926851291e-01
2.6254778254e-01
-1.3318044021e+00
-4.8834553610e-02
-3.2685067483e-01
-3.0241535836e-01
-1.5038644424e+00
8.2961829033e-01
4.9760487321e-02
-7.5228535815e-01
-2.0574757150e+00
-1.6106582265e+00
-1.6524926717e+00
-2.9740282143e+00
-2.5663295314e+00
-1.1195822272e+00
-1.6939101687e+00
-6.9300236366e-01
-5.3529793106e-01
-1.5491163454e+00
-6.0798737131e-01
-9.8433707359e-01
9.8199696155e-01
-6.8840667208e-01
-6.2965238567e-01
9.6442415492e-01
-8.8209082011e-01
4.9552664937e-01
-3.7372950469e-01
4.3613606146e-01
-7.6664048179e-01
-1.3471523143e-01
6.2568971587e-01
4.2554379611e-01
1.7944522218e-01
7.1635802222e-01
-1.3646978399e+00
-9.5628466041e-01
-1.9840510320e+00
-9.6555195363e-01
-2.6788843223e+00
-1.4573300674e+00
-2.4233992964e+00
-2.4465918158e+00
-1.7786862566e-01
-1.3968641049e+00
-6.6576842993e-01
-5.6770181378e-01
-9.7576438927e-01
-8.4170958813e-01
6.0185990552e-01
-1.5070494491e-02
-7.8195425460e-01
5.6256305591e-02
-7.9101138995e-01
8.2411223929e-01
2.0592965571e-01
1.3786092279e-01
-7.1577252128e-01
-1.1301173909e+00
-7.0612748954e-01
1.6827338554e+00
-3.8343453418e-01
-1.0437207130e-01
-4.6493964123e-01
-1.4986701794e-01
-1.1686541225e+00
-2.3951973971e+00
-2.9922761398e+00
-1.5608913379e+00
-3.6025158618e+00
-3.2527568942e+00
-1.5970012884e+00
-2.2460464909e+00
-1.8382443661e+00
-1.6790642078e+00
-1.8286860761e+00
-1.3658665985e+00
-2.7528243028e-01
-8.3228478144e-01
3.1636718308e-01
-1.5756571471e+00
-6.2154722008e-01
2.3193218767e-01
-3.9018839232e-02
-9.1919577572e-01
-1.0672368711e+00
-4.4315372827e-01
2.3557544342e-01
-9.9522907349e-01
-6.6558885462e-02
-7.1089017941e-01
-8.1877383083e-01
-1.3046745076e+00
-2.4011859439e+00
-1.3352431101e+00
-1.9801757459e+00
-2.3791948359e+00
-2.0778814100e+00
-2.0226167084e+00
-3.3121280651e+00
-1.8013533393e+00
-3.8619636936e+00
-1.7344309368e+00
-1.7055079843e-01
-1.0944978494e+00
-2.8513402014e-01
-1.1288018947e+00
-1.4535537811e-02
-1.0197243100e-01
-1.0519903452e+00
3.0765092253e-01
-8.1779783882e-02
-1.0325447012e+00
5.2676158488e-01
4.0676184880e-01
6.4718890291e-01
3.1831999919e-01
-8.7131454770e-01
-1.2625737837e+00
-7.4581839684e-01
-7.5525128643e-01
-1.9055931630e-01
-1.0920784500e+00
-1.8995719281e+00
-2.7098357561e+00
-3.0064334799e+00
-2.2260450271e+00
-3.4065149009e+00
-2.2899315907e+00
-2.5988744659e+00
-2.0315798681e+00
-1.5027875495e+00
-1.2370151415e-01
-8.5034320768e-01
-1.9388240142e+00
4.0355206391e-02
2.1940703467e-01
5.2662972968e-01
-1.2005749318e+00
-8.5764692670e-02
-2.5274578261e-01
-1.0021585505e+00
9.8425117074e-01
4.9053253334e-01
-2.5260181195e-01
-4.8411496865e-01
-4.4911183345e-01
-1.8147138613e-01
-1.7956894995e+00
-2.3290005483e+00
-2.0570265614e+00
-2.3409090219e+00
-3.8001099420e+00
-2.5237832962e+00
-3.8812907742e+00
-3.0768153964e+00
-2.0136901154e+00
-1.2854067464e+00
-1.5616923936e+00
-9.7980794641e-01
-9.2974590548e-01
-2.2533068006e+00
5.4558463091e-01
-7.1503605463e-01
-3.2418585945e-01
-8.1847851192e-01
-4.8960428117e-01
-1.7231099461e+00
-1.4753514019e-01
-1.3057031372e-01
5.3730190130e-01
1.9939602382e-02
-8.4342021848e-01
-9.6467801243e-01
-1.3689330600e+00
-4.1923485698e-02
-2.4906950825e+00
-1.2867744213e+00
-2.8799271043e+00
-2.8048190248e+00
-3.0038232532e+00
-2.5460470054e+00
-9.6223313132e-01
-2.0384857215e+00
-1.8791146849e+00
-1.6736184906e+00
-1.3755014678e+00
-4.7576525079e-01
8.7958781910e-01
6.1548269408e-01
-3.5827763339e-01
-5.2609461650e-01
-4.5328981623e-01
-5.7121614534e-01
-1.5151710397e+00
3.6565012186e-01
6.9607540602e-01
-3.7798230159e-01
-1.8585279802e+00
1.3575863655e-01
8.0771857223e-01
6.2019131147e-01
-8.7358223662e-01
9.4991597280e-02
-6.4998676100e-01
-2.4249912231e+00
-2.3104254845e+00
-2.3400531497e+00
-1.9005507801e+00
-4.5710611762e+00
-2.8045692737e+00
-2.7773523947e+00
-1.7647929895e+00
-1.5803629348e+00
-9.1146983853e-01
-7.8799838642e-01
4.1393391541e-01
-2.4548441114e-01
-1.0696260398e+00
-1.0660614434e+00
6.6851957110e-01
-1.4739656446e+00
6.6118081096e-01
-2.5700324451e-01
3.9731659766e-01
-1.8314639553e-01
-2.1021207753e+00
-1.3672069113e+00
-1.2963349728e+00
-1.0204831302e+00
-5.5085479721e-01
-1.8282920619e+00
-5.2945804698e-01
-1.4635980884e+00
-2.0873499307e+00
-1.7047717101e+00
-2.6173266585e+00
-2.8119123329e+00
-2.3173494021e+00
-3.8753975773e+00
-2.2839412020e+00
-1.0840542497e+00
-7.1117905858e-01
-8.5984169816e-01
7.5642068508e-04
-9.2684640371e-02
-1.5570050044e+00
-6.7172096492e-01
-3.9786505433e-02
-3.1010071587e-01
-7.9584794588e-01
1.2052073928e-01
2.1268775662e-01
-1.2665960119e+00
-2.2084576654e+00
1.3453434664e-02
-6.5228243252e-01
-7.9953719610e-01
-6.4535557369e-01
-1.0515370682e+00
-2.0573391823e+00
-2.6057029835e+00
-1.7676602165e+00
-2.8246722662e+00
-2.8000281081e+00
-3.9152030794e+00
-2.8483090748e+00
1.6287478354e-01
-4.0688318136e-01
3.6630720387e-01
-1.0236183618e+00
-2.6417673818e+00
-1.5447653764e+00
-8.4704662004e-01
5.6413506974e-01
1.0406533203e+00
9.1442296623e-01
7.8378068187e-01
-1.4170147466e+00
-4.2064256917e-02
-4.8476812006e-01
-9.4697803524e-01
8.5306472437e-01
1.7505654226e+00
-1.4285240680e-01
-5.4027866458e-01
-2.3602161373e+00
-1.2219716763e+00
-5.7475978361e-01
-1.4600701884e+00
-2.6602323586e+00
-1.9699171629e+00
-3.2752410361e+00
-3.5205432641e+00
-2.5959656941e+00
-2.3940655302e+00
-1.2884332133e+00
-1.5914324454e-01
-9.0999929207e-01
-1.3047035629e+00
-1.3666482615e+00
-2.1126481785e+00
-4.5714507295e-01
4.9728845274e-01
2.1519217397e-01
1.0091529784e-02
-8.4207444650e-01
6.2851616049e-01
2.1841178881e-01
-9.6643081740e-01
7.4537188858e-01
4.8941175736e-01
-1.2263581819e-01
3.8776302393e-01
-1.5824799205e+00
-9.4093135938e-02
-7.9332121148e-01
-2.0949830149e+00
-1.5927279711e+00
-2.3615069299e+00
-3.4787409487e+00
-3.3855994967e+00
-2.4461538568e+00
-2.0722830271e+00
-2.6730740575e+00
-8.4122302339e-01
-1.7536161488e+00
-1.0373512850e+00
-1.1800798643e+00
-6.4813021849e-01
-2.7446576607e-01
-3.3067722352e-01
2.1991534394e-02
9.8889003811e-01
-3.5206297532e-01
-1.6242836997e-01
-8.6438869274e-01
-8.3634388155e-01
-8.6161852008e-01
5.5185247880e-01
-7.6603181092e-01
-2.2465208472e+00
-1.0666266837e+00
-3.0995950423e-01
-5.6793788305e-01
-2.9667263003e+00
-1.6128885075e+00
-1.5340383739e+00
-2.0907683095e+00
-3.0734889872e+00
-4.0955969023e+00
-2.6397706756e+00
-2.4148617984e+00
-1.4894829834e+00
-1.1899492090e+00
-4.0091854860e-01
-1.2354347225e+00
-1.0905403666e+00
1.3494669086e-01
-2.8178396700e-01
3.6892628487e-01
-3.4873469714e-01
2.6177925256e-01
1.1558258003e+00
-9.3629533554e-04
-1.0372709570e+00
2.2646958353e-01
-9.6964760238e-01
-1.5777698159e+00
-6.9913601864e-01
-1.2015832636e+00
-1.3477722758e+00
-1.6589011826e+00
-2.7395636955e+00
-1.9196082378e+00
-3.1678193462e+00
-4.7117919867e+00
-1.4568721159e+00
-3.0282815406e+00
-1.3448491051e+00
-2.9929137500e-01
-1.5179444637e+00
-2.5425999224e+00
-1.0519504666e+00
-1.0047085794e+00
-6.6348677996e-02
-3.2711924364e-01
-1.8497288711e+00
-1.8167734679e-01
-1.1866653302e+00
-1.0562698519e+00
1.3198212241e-01
9.6845378348e-02
-2.8739522535e-01
-1.7116652622e+00
1.3005172721e+00
-7.7695795467e-01
-1.5319894925e-01
2.1415045393e-01
-2.1044205637e+00
-1.9154259045e+00
-2.7561813422e+00
-3.3116152385e+00
-1.8198115487e+00
-3.3343467274e+00
-2.1463265645e+00
-2.5087600420e+00
-4.2449119820e+00
-1.0726480198e+00
-2.0439067111e+00
-9.5104284482e-01
-2.8861063585e-01
-1.1313765091e+00
-2.7996599909e+00
-1.4912178715e-01
-1.7459197979e-01
2.8514703153e-01
-6.2036062677e-01
-9.2423165553e-01
-6.0282282258e-01
-2.3664071774e+00
4.4351761226e-01
-2.0688119029e+00
1.2527038387e-02
-1.2679334040e+00
-1.0210741786e+00
-6.7176233955e-01
-2.8033308645e+00
-1.9354357228e+00
-1.6327872219e+00
-2.5878708556e+00
-1.9079452127e+00
-3.7953776973e+00
-3.1505315211e+00
-3.9082999303e+00
-2.1125524379e+00
-1.9881359240e+00
-2.8916076990e+00
-2.1061333727e+00
-2.6051067866e+00
-2.3093589856e+00
-1.6109661268e+00
-1.6833527949e+00
-1.9093893086e+00
-9.9009244267e-01
4.4090739624e-01
-6.4935970392e-02
-1.4655590054e+00
-3.1433218241e+00
-8.7391923157e-01
-1.8508372323e+00
-1.8818383504e+00
-1.6284855409e+00
-6.8648063150e-01
-1.6568481357e+00
-1.7568192243e+00
-1.6179541398e+00
-6.3171342909e-01
-1.6898464101e+00
-1.8579362108e+00
-3.7667906655e+00
-2.6020842204e+00
-3.3906986975e+00
-1.4686088102e+00
-3.4820730319e+00
-2.1835541892e+00
-1.8238325007e+00
-3.1391743451e+00
-1.7194332992e+00
-2.4069784932e+00
-2.8014315292e+00
-2.7611502110e-01
-1.5616921037e+00
-1.9162995654e+00
-1.2560332091e+00
-3.1229582446e+00
-9.4300646236e-01
-2.0126393699e+00
-2.6006276197e+00
-2.9224940496e+00
-2.3184171480e+00
-1.6794583222e+00
-1.5915842939e+00
-2.3498107185e+00
-1.3881403055e+00
-2.4398138052e+00
-3.2543007620e+00
-4.6131010505e+00
-2.0456616286e+00
-4.0966249884e+00
-3.2073117589e+00
-4.5689802042e+00
-5.0417551893e+00
-2.3765572849e+00
-2.0286343993e+00
-2.8912052413e+00
-1.2852958142e+00
-2.5676348830e+00
-2.9441125432e+00
-3.4079881469e+00
-2.0819281894e+00
-2.0303956021e+00
-1.9617888412e+00
-2.2914344595e+00
-1.7500015576e+00
-2.3705556447e+00
-4.4902222437e-01
-3.3714729569e+00
-2.9517055734e+00
-3.0464616075e+00
-2.3861857349e+00
-2.5253442126e+00
-3.1901176975e+00
-1.3494330131e+00
-1.4361674677e+00
-9.1122965779e-01
-4.3752455975e+00
-3.0953317356e+00
-2.5301279400e+00
-3.4522685473e+00
-1.6677807165e+00
-2.9715334667e+00
-2.3038425881e+00
-1.9676999770e+00
-3.2689065250e+00
-3.7085019881e+00
-2.0588162462e+00
-1.4995101781e+00
-3.5557049987e+00
-1.8169814118e+00
-2.5898390456e+00
-2.4778354627e+00
-1.6567913967e+00
-2.3508137586e+00
-2.9933555806e+00
-3.0336102107e+00
-2.2619019026e+00
-1.6518401292e+00
-1.4203088119e+00
-1.7308469182e+00
-3.0096240859e+00
-3.7614192622e+00
-2.1562944926e+00
-3.1900308233e+00
-2.7249211018e+00
