-3.1923795828e+00
-3.5997031310e+00
-2.3112065162e+00
-1.1702319736e+00
-2.6724938800e+00
-3.1954186793e+00
-2.8154224036e+00
-1.7827468213e+00
-2.7473217799e+00
-2.0409690093e+00
-1.8147729356e+00
-1.4654752449e+00
-1.6217298050e+00
-1.4225018205e+00
-1.7169579289e+00
-1.4527659074e+00
-3.2317411804e+00
-1.2883929592e+00
-2.1534644241e+00
-1.8618074272e+00
-3.2514219251e+00
-1.3826946239e+00
-1.7437410157e+00
-2.3361463045e+00
-3.5938903936e+00
-2.5610426479e+00
-1.2428818170e+00
-4.3899808110e+00
-2.7676522669e+00
-3.3833612785e+00
-4.2396732479e+00
-2.3725005831e+00
-2.2067466039e+00
-2.1375274382e+00
-2.5568908051e+00
-2.5018712831e+00
-1.0613559318e+00
-1.4440119563e+00
-1.5285868062e+00
-2.4234802191e+00
-8.3209983242e-01
-9.6093771796e-01
-1.9812716731e+00
-1.7454630821e+00
9.8638480132e-02
-1.9451314751e+00
-3.3340808583e+00
-1.9666913177e+00
-1.5156778477e+00
-1.2244104270e+00
-2.2974267510e+00
-2.4680173891e+00
-2.4133309146e+00
-2.0043546812e+00
-2.6383553258e+00
-2.9057845936e+00
-1.2354462308e+00
-1.5703095155e+00
-1.7360259407e+00
-3.8837700493e+00
-2.5413382944e+00
-1.9907970760e+00
-1.0478619225e+00
-1.2039135906e+00
-1.8100080461e+00
-1.6492847485e+00
-1.7330833342e+00
-2.8117824272e+00
-3.0848259129e+00
-1.6397045839e-01
-2.6676890240e+00
-3.4239495332e+00
-3.0383020082e+00
-2.0834293619e+00
-2.7066926406e+00
-3.2148618773e+00
-1.6238057638e+00
-1.5712338867e+00
-2.2635351125e+00
-1.8660044356e+00
-4.5439503382e-01
-2.2126779151e+00
-3.4905962385e+00
-3.6601957738e+00
-2.6602125716e+00
-3.5644882428e+00
-1.4339683579e+00
-2.3690564566e+00
-1.6307598004e+00
-1.2968090601e-01
-3.2540078391e+00
-1.9792678207e+00
-1.7207416511e+00
-1.0947828089e+00
-2.3828825476e+00
-1.0707169317e+00
-8.6337685539e-01
-2.0220676792e+00
-1.2189514822e+00
-1.7723922938e+00
-1.1854684087e+00
-2.0839778500e+00
-1.3978002783e+00
-1.9386396453e+00
-1.0913454370e+00
-6.5616337311e-01
-1.7644948014e+00
-2.5164597531e+00
-1.3417709095e+00
-1.8023249867e+00
-2.3526727928e+00
-3.3006644691e+00
-3.0068192606e+00
-3.4437326164e+00
-2.1897881612e+00
-2.2692909085e+00
-3.0181184807e+00
-2.4514593128e+00
3.5437020665e-01
-1.4078962782e+00
-1.9037597832e+00
-1.5229625513e+00
4.5526938145e-01
-5.1556228111e-01
7.5817964274e-03
-8.8477892778e-01
1.5946877648e-02
-7.1229544432e-01
-1.7722099649e+00
-1.2817016419e+00
-2.0269200305e+00
-1.8724960598e+00
-9.2446619987e-01
-2.4182370383e+00
-2.1779381919e+00
-1.9369807625e+00
-1.5166846198e+00
-2.8957922839e+00
-2.0427976673e+00
-3.8027620255e+00
-2.1077360293e+00
-3.3532913941e+00
-1.5117419057e+00
-1.5886731241e+00
-2.5674130363e+00
-2.3450583279e+00
-8.9254216455e-01
-5.6575200340e-01
-1.1706485780e+00
-1.1921687135e+00
3.4864679877e-01
8.1610896581e-01
2.3423502248e-01
-4.4944129391e-01
-3.7776647724e-01
-1.3457632967e+00
-2.4718611520e-01
-1.1906175819e+00
-2.5900466153e+00
-1.7104528034e+00
-5.6764205977e-01
-2.5730061433e+00
-2.3108146778e-01
-4.9805794781e-01
-2.3816548502e+00
-2.2940115889e+00
-2.7838314649e+00
-2.1338491679e+00
-4.2884192321e+00
-3.3235051675e+00
-2.8354797414e+00
-9.0877974712e-01
-4.5811894638e-01
-1.0369328860e+00
-1.0012788851e+00
-1.3763904058e+00
-3.0494565965e+00
-1.1133262894e+00
-1.3980943834e+00
4.1925623233e-01
-1.4029492265e-01
-6.2638278039e-01
-4.4197739545e-01
6.5148273301e-01
-1.3614162024e+00
-3.6853337908e-01
-2.6675846876e-01
-1.8298428019e+00
-1.2083321512e+00
1.5361435664e-01
-2.0221682343e+00
-1.1400071058e+00
-1.2937466987e+00
-1.7393778939e+00
-1.3655490361e+00
-7.8061784696e-01
-2.9135245806e+00
-2.3600815518e+00
-7.3321278968e-01
-1.0870953967e+00
-1.1012904727e+00
-1.3935071478e+00
3.3713495162e-01
-1.7044228305e+00
-5.3051444134e-01
1.8633023431e-01
3.3849101648e-01
-1.4594244200e-01
-8.1155560207e-03
-4.1528495495e-01
-4.1303755791e-01
1.6630149014e+00
5.6324634566e-01
1.0592726965e+00
-5.7118559881e-01
-4.2480111816e-01
2.8065529205e-01
-5.6000032591e-01
-1.0249195591e+00
-4.1632469421e-01
-2.7197732830e+00
-1.5126899916e+00
-2.6149000679e+00
-1.2897501581e+00
-2.3074097677e+00
-2.3211253067e+00
-1.8922135038e+00
-1.1560687717e+00
-1.7377753567e+00
-1.0033379038e+00
-1.9771373998e+00
-2.7129142558e-01
-1.6225005389e+00
-4.0320297481e-02
4.0180801293e-01
-1.0885330017e-01
-7.9892397110e-01
-5.4492792070e-01
5.6919582265e-01
1.7251198531e-01
6.1597456652e-02
1.2152336379e+00
5.7252212724e-01
-7.1416890804e-01
-3.7039381792e-01
-7.9024367819e-01
-7.1699109376e-01
-9.3211097210e-01
-8.6311185281e-01
-1.5880956024e+00
-2.2565459132e+00
-2.6851029701e+00
-2.1596147649e+00
-1.6695863538e+00
-2.8249044872e+00
-1.9498764977e+00
-3.2809036509e-01
-7.0862044333e-01
-6.8719538604e-01
-2.4540097959e-01
5.5815070278e-02
-1.5123612895e+00
-1.9908754895e-01
1.9349943365e-01
-9.0455680629e-01
-3.0492010845e-01
4.2281961841e-02
-9.5762221144e-01
1.3214446270e+00
-1.9375982719e-01
-4.2079492841e-01
-7.6852942527e-02
-5.5303172765e-01
-1.7813924478e-01
2.2985361466e-01
-6.7946469806e-01
-2.3681481821e-01
-2.1389571804e+00
-1.9790913022e+00
-7.4317175538e-01
-3.2534439662e+00
-2.6818396249e+00
-2.8956409574e+00
-1.9334248325e+00
-1.0396414296e+00
-6.0340762076e-01
-1.9711335260e+00
2.0256255984e-01
8.8418161186e-01
-9.2971880982e-01
4.2872233527e-01
-7.6457087793e-01
4.1508252878e-01
-1.3153066122e+00
-8.4275612794e-01
-1.0080273108e+00
-1.9205498032e+00
-1.7901304700e-01
1.6427831135e-01
-6.5631069309e-01
4.0593197147e-01
-2.3249590796e-01
-8.8872096658e-01
-1.9821713355e+00
-1.8762323447e+00
-2.0729217363e+00
-2.1182884582e+00
-2.7320269944e+00
-2.0296386008e+00
-6.5613565398e-01
-2.5525547699e+00
-1.8664555272e+00
-5.2868735284e-01
-1.9894980177e+00
-7.1856694225e-01
-1.3328495864e+00
-5.1554557269e-01
-6.7441761018e-01
-8.8087553984e-01
2.4508891812e-01
-4.6726914664e-01
-6.4224197392e-01
-1.2762152155e+00
-1.3451936521e+00
-6.3747852224e-01
2.4570325902e-02
-7.9860857407e-01
2.2156530779e-01
-2.3411649901e-01
2.5530657266e-01
-2.6160535154e+00
-4.0681816449e-01
-1.3960764315e+00
-1.5525738242e+00
-4.1676682872e+00
-1.6277863289e+00
-3.9516926546e-01
-1.5196393432e+00
-7.9252893745e-01
-1.1557526368e+00
-1.2202679905e+00
1.8406052115e-01
-1.3873480756e+00
-2.0531919478e+00
-2.3074650503e+00
1.3226468726e-02
-1.0898345655e+00
-1.0204675142e+00
-3.5603164179e-01
2.7455835975e-01
1.2510158722e-01
-4.8974972090e-01
-1.8744291530e+00
-5.3432372568e-01
-5.2176015189e-01
2.7150099497e-01
-1.3541156150e+00
1.4606500474e+00
-9.4823406415e-01
-1.7633776604e+00
-1.5975971768e+00
-1.8562427707e+00
-2.6786260174e+00
-2.2592571700e+00
-1.4707203885e+00
-2.8058308909e+00
-2.3834549431e+00
-2.4536471723e+00
-1.2184872852e+00
-1.5494579154e+00
-1.1037503645e+00
-8.2015511840e-01
-3.3382430505e-01
-1.4222956149e-01
-8.0691499470e-01
-1.1810300056e+00
-7.3819000123e-01
-1.4772495688e+00
-9.6306624660e-01
-1.4718099778e+00
4.2338624900e-01
-1.6912745450e-01
9.7759016617e-01
1.4167965747e-01
-2.1209119633e-01
-3.5365540156e-02
-7.5387004683e-01
5.6631796334e-01
-2.2567654399e+00
-2.6273883502e+00
-2.2922061127e+00
-1.6686479155e+00
-1.6274856641e+00
-8.0304107781e-01
-1.3864708351e+00
-6.4535804047e-01
-2.6008344943e+00
-2.2361638837e+00
-1.7897246318e+00
-2.4800523331e+00
-4.7594975742e-01
-1.0241580213e+00
-6.2226289158e-01
1.1036041480e+00
-1.3466466071e+00
-3.9529836901e-01
8.9753165635e-03
4.2035242375e-01
-8.0089159440e-01
-1.1521637459e+00
1.7820325494e+00
6.8868918013e-01
9.9136481615e-02
-2.2824306091e+00
-1.8769271293e+00
2.3227172358e-01
-1.7109976197e+00
-6.6804914493e-01
-1.3398966342e+00
-3.0907727158e+00
-3.1421974879e+00
-1.9749393898e+00
-1.8670681482e+00
-1.4314275941e+00
-2.5598352213e+00
-5.7216345207e-01
-3.3506704848e-01
-5.3039944635e-01
-1.0904803295e+00
-2.8583227654e-01
-1.3522899668e+00
-1.4535362930e+00
1.1620706786e+00
2.5829914721e-02
5.6608168149e-01
2.6069389233e-01
-1.8694141014e+00
7.4896524810e-01
2.5077815339e-01
-3.3098118542e-01
-1.1068687397e-01
-1.2124204701e+00
-5.5485214952e-01
-1.3288955074e+00
-4.7730538671e-01
-1.1070829237e+00
-2.2342652106e+00
-2.4497988303e+00
-2.0533850985e+00
7.2579359338e-02
-1.8369479425e+00
-2.4366543569e+00
-9.7449461749e-01
1.0351166641e-01
-1.6625154654e+00
-1.6715359552e+00
5.2195134220e-01
1.5195837695e-01
-3.2536948890e-01
-8.8981418348e-02
4.2450930702e-01
-3.3374741783e-01
-3.9169237697e-01
-2.1258338699e-01
1.7001110181e-01
-4.7398509801e-01
8.3431247896e-01
5.3370981594e-01
-1.1826573234e+00
1.6805714170e+00
-2.7522746394e-01
-1.6124843937e+00
-1.2744986166e+00
-2.5936018156e+00
-1.7227062814e+00
-8.9506931207e-01
-2.4715386415e+00
-2.2428844775e+00
-1.9822963125e+00
-1.4213381884e+00
-1.2133997692e+00
-1.5345771705e+00
-1.1519277835e+00
-3.7850292168e-01
-7.3426652346e-01
9.3959161095e-01
-2.9487361865e-01
-4.9455850316e-01
-3.9990928235e-01
1.2148251630e-01
4.5445151093e-01
-4.4532693153e-01
-6.8772375322e-01
-6.6471578655e-01
-2.8987632511e-01
1.7724540158e-01
4.3410230267e-01
-7.8534301458e-01
-2.3320243916e-01
-6.2071400421e-01
-2.1332058488e+00
-1.0751369758e+00
-1.4459131255e+00
-1.6952230551e+00
-5.3913159724e-01
-3.5742658382e+00
-1.3080557230e+00
-1.3689440700e+00
-1.3781865074e+00
-1.9489845547e+00
-1.4617210447e+00
-5.8870803743e-01
-7.1722186665e-01
-8.2841399686e-04
4.8790052950e-01
2.2660006146e-01
3.0823323059e-01
6.9375959542e-01
1.2138684752e-01
-7.0377158708e-01
-2.5685216516e-01
3.4553282563e-01
-2.5813673606e-01
4.4824713949e-01
-1.4415551392e+00
3.2396016463e-01
-4.5492075328e-01
-1.5918909875e+00
-2.6214155189e+00
-2.6020223228e+00
-3.2828763997e+00
-2.3322206007e+00
-2.5366801809e+00
-1.9970207840e+00
-2.0650863722e+00
-6.7392273786e-01
-1.2219856427e+00
-1.1688809577e+00
-1.7147174672e+00
-9.9593442863e-01
-2.0729237759e-01
4.5100601631e-01
3.1948324776e-01
-1.1918727337e+00
-5.3454673388e-01
8.7881267035e-01
3.0232858253e-01
-1.0744050044e-01
1.8900911869e+00
-1.1513769803e+00
3.4455818091e-01
-6.4474151447e-01
-1.7578500445e+00
-1.6554762409e+00
-3.6186750924e-01
-9.6345839646e-01
-1.6137021068e+00
-1.5594924114e+00
-2.3494245554e+00
-1.9681416566e+00
-1.3927071379e+00
-2.5867120273e+00
-8.3154780371e-01
-2.5271815593e+00
-9.5102308866e-01
-1.0833536964e+00
-1.9285168322e-01
1.7220457792e-01
1.8317386330e-01
-8.0411487524e-01
-4.8591820745e-01
2.2134590898e-01
5.1865443584e-01
-1.5440451333e+00
-5.5938035090e-01
-6.7519395857e-02
-1.3881362444e-01
-3.0012681841e-01
-1.1017763283e+00
-4.2239324159e-01
-7.2122022911e-01
-4.5663076400e-01
-1.4681529554e+00
-9.2715608546e-01
-1.6166493234e+00
-3.6848556137e+00
-2.1704500556e+00
-3.0824921547e+00
-1.0789619309e+00
-1.8320185499e+00
-1.8011566592e+00
-5.0753480049e-01
-2.1886201856e+00
-6.5520355992e-01
-8.3920991437e-01
-2.2595371571e-01
2.5624840473e-01
-9.0779457185e-01
-3.8178132197e-01
-3.3514554383e-01
9.8616022766e-01
7.5622122781e-01
-1.3415189343e-01
-4.0092393845e-01
4.7386359319e-01
1.2291899248e+00
-1.4019396732e+00
-1.1202787862e+00
-5.4845887365e-01
-1.8124323574e+00
-3.7679640529e+00
-1.7350323082e+00
-1.2324492257e+00
-2.4702154789e+00
-2.2571488803e+00
-2.4345655897e+00
-1.5286190654e+00
-2.5323679771e+00
-2.9324978984e+00
-1.2210987817e+00
-1.8776458690e+00
-1.4171792534e+00
-1.4466112960e+00
-1.0793706569e+00
-3.5991809857e-02
-1.4471096659e-01
1.3100956022e+00
-2.2313058072e-01
-9.0378720576e-02
8.1453472620e-02
-5.5778220121e-01
-1.2779529925e+00
4.8211136289e-01
4.8525919211e-01
-1.8865965499e-01
-8.3148813291e-01
-1.5894227135e+00
-1.9009365319e+00
-6.5111387371e-01
-1.5246244111e+00
-1.6657404063e+00
-8.4941152181e-01
-4.0936983953e+00
-2.7496852262e+00
-1.9298661556e+00
-2.2824773031e+00
-9.4712096262e-01
-2.1325675241e+00
-2.2483898913e+00
-1.4780535783e+00
-1.7900654920e+00
-2.1066239695e-01
-1.1913784108e+00
-1.3150028483e+00
-6.5007710131e-01
-2.1515282017e+00
-8.6769504352e-01
-2.3143052354e+00
1.0781328357e-01
1.6109133718e-01
-4.4978386410e-01
6.7474554591e-01
-5.3162469778e-01
-1.6517592492e+00
-2.2631036735e+00
-2.1212728873e+00
-1.3373139054e+00
-2.1372977061e+00
-2.6859629925e+00
-1.4772529230e-01
-1.1778708480e+00
-2.0999546889e+00
-2.3544631711e+00
-3.0159990698e+00
-3.5541778735e+00
-2.8150958483e+00
-1.9401571449e+00
-2.9286531156e+00
-1.6629996168e+00
-1.3028372441e+00
-2.3276921463e+00
-8.4965569629e-01
-2.5174969435e+00
-2.0431040149e+00
-1.4138736109e+00
-1.0305463537e+00
-2.3599242846e+00
-4.6025364783e-01
-1.9810777505e+00
-9.9569781302e-01
-1.9913619755e+00
-2.0987960410e+00
-1.9585318665e+00
-8.4704336205e-01
-1.3630557153e+00
-3.7573453670e+00
-9.3695460582e-01
-3.9214544681e+00
-3.2033730012e+00
-1.9173638667e+00
-3.7195715484e+00
-1.8400136915e+00
-1.6114069129e+00
-2.9883758930e+00
-2.6116596233e-01
-1.9449039151e+00
-2.0331571176e+00
-2.8123405440e+00
-8.4331432827e-01
-3.5032360664e+00
-2.7914517455e+00
-1.6541918659e+00
-2.1402677051e+00
-1.6338817090e+00
-1.5599301235e+00
-7.9466238054e-01
-3.1468731463e+00
-1.4701366679e+00
-1.3814929315e+00
-2.5145169027e+00
-1.8644194416e+00
-2.4407053922e+00
-1.7271435837e+00
-2.2631758284e+00
-3.0471197367e-01
-3.2386055514e+00
-2.2710062979e+00
-2.6061894416e+00
-3.1448671899e+00
-3.1680544397e+00
-1.7994350435e+00
-2.9569156237e+00
-3.2148241522e+00
-2.2325011941e+00
-2.6279149858e+00
-7.6416381179e-01
-3.4656240325e-01
-1.4303821005e+00
-1.6849167679e+00
-2.4341119750e+00
-9.0759555341e-01
-4.0173922686e+00
-1.8116256413e+00
-1.7210177510e+00
-2.1477887160e+00
-1.7959345634e+00
-1.5881667304e+00
-1.6598181599e+00
-5.0467650992e-01
-2.0174606263e+00
2.7342516744e-01
-1.9839507241e+00
-1.5373858318e+00
-2.7003510990e+00
-3.8230350397e+00
-3.0933655299e+00
-3.2900503472e+00
-3.4921771055e+00
-3.2128105543e+00
-2.6915538612e+00
-2.6345861282e+00
-1.1299281439e+00
-1.1593777402e+00
-1.5035876445e+00
-2.0804809991e+00
-2.1472380599e+00
-1.8859486948e+00
-1.6997328619e+00
-4.0920380235e+00
-2.0731804877e+00
-2.4239992861e+00
-1.5982127790e+00
-7.8313990414e-01
-2.3719744623e+00
-1.6974103181e+00
-1.8906675091e+00
-1.8587695487e+00
-1.7369444410e+00
-1.7224753535e+00
-2.4565449505e+00
-1.9192520758e+00
-2.2564313003e+00
-2.2591039655e+00
-3.7611261291e+00
