-5.6977428379e-01
-4.3354059658e-01
1.5721257100e+00
1.9952126657e+00
-5.9010565919e-01
1.7375209972e+00
1.0171360455e+00
1.8447078401e-01
-2.8845053082e-01
-9.9331896029e-02
1.1360425542e+00
9.2436268668e-01
-6.3832267556e-01
8.4899951787e-01
-1.9656412693e+00
9.7899782488e-01
5.4363214796e-01
-3.7363182032e-01
6.8522701080e-01
7.6126730323e-01
-1.0644190758e+00
-6.9091688631e-01
9.0767463353e-01
-8.3157093832e-01
2.7103819910e-02
9.5779967735e-02
-5.2014770965e-01
1.2327239834e+00
8.7156393594e-01
-6.8633861946e-02
8.7207733739e-01
6.6035197856e-01
3.0772994321e-01
-3.7757135672e-01
-9.5599776777e-01
-9.2168556049e-02
-1.4771581943e+00
8.5111357809e-01
7.0511547806e-01
-2.5438608733e-01
-1.3359883084e+00
9.4355126327e-01
3.4139257712e+00
-4.4260290229e-01
-1.8314178282e+00
-7.2375781911e-01
1.0644585585e+00
-5.5473688636e-01
7.3904603802e-02
-2.2062808219e-01
2.4597426718e+00
8.8186041405e-01
1.5593382042e+00
-1.0823973909e+00
9.3370349254e-01
8.9191394890e-01
8.8428236999e-01
1.5279446628e+00
1.0596270400e+00
9.8472554852e-01
3.4626836670e-01
1.0219551257e+00
-5.2936871325e-01
-1.7404572065e-02
-7.7453923174e-01
-1.2630215765e+00
-7.2717354716e-01
9.8543851592e-01
-5.7920023343e-01
1.5665409812e+00
1.0176614498e+00
9.4397969674e-01
1.1741224260e+00
-1.4177222264e+00
6.1823659254e-01
-2.7151755082e-01
3.8838511761e-01
1.3649130944e+00
9.1015352265e-01
1.0099218007e+00
1.7092120406e+00
1.1813158039e+00
-6.0806139244e-01
1.0090574346e+00
9.4046728385e-01
-8.5023587333e-01
-1.3001530204e+00
-7.3248210495e-03
6.3394628930e-02
1.3592094181e+00
9.8860769754e-01
8.9577636262e-01
-1.6563029712e+00
-1.6991879204e-01
1.4422559233e+00
-1.2845339221e+00
5.4444387134e-01
3.2550933181e-01
1.8369609597e-01
-6.6399066466e-01
-1.7267779713e-01
7.8481087757e-01
9.7621568169e-01
2.0796760498e+00
9.8061184482e-01
-1.2248767808e+00
1.2111332470e-01
-1.8203930561e+00
-9.0512667389e-01
-7.3867531325e-01
-6.5554219632e-01
1.1735134941e+00
8.4791289220e-01
-2.9714138949e-01
-1.3605828552e+00
-9.0258068983e-01
-6.3263828807e-01
-1.0665428284e+00
7.0415761212e-01
3.8400972120e-01
1.8265727535e+00
9.8913024057e-01
-1.5593906718e+00
2.4714289084e+00
-2.1286118453e+00
5.1971065244e-01
-1.2165494282e+00
-8.8936772851e-01
9.5773485258e-01
-6.6520934387e-02
-1.3003304025e-01
-2.3234213919e+00
-1.3314288911e+00
9.9506104342e-01
-3.5220705434e+00
-3.9705362530e-02
1.0950102448e+00
-1.7148637513e+00
-2.5769144258e-01
8.5871635517e-01
4.2823145796e-01
-1.3184166785e-01
-1.2578193199e+00
-4.9186781143e-01
-2.9457569584e-01
8.9660081624e-01
1.0010162323e+00
-3.1861469711e+00
4.3350161524e-01
