-7.0977114786e-02
-6.0435176885e-02
-7.1740493165e-02
-1.0537412497e-01
1.9187852805e-01
-5.2254238775e-01
1.5606034411e-02
-3.1078573322e+00
2.9030616546e-02
2.3240438555e-01
-3.6219484198e-02
-3.6240860672e-01
-3.2599823153e+00
3.0631624717e-01
1.8843556765e-01
4.9952904303e-03
-1.6778036595e+00
5.3995773799e-02
1.1990882972e+00
-1.3327767741e-02
-2.0187942329e-01
1.5958340497e+00
9.5643955284e-01
-3.4808156547e-01
9.2791178616e-02
-1.3952983511e+00
3.7025134531e-02
-1.5716437655e-01
2.2043488090e-01
2.8701872022e-01
-1.6076752884e-02
-3.1087459878e-02
-4.7489701878e-01
-3.5905577414e-01
-5.7864129415e-01
-6.2056459182e-02
-1.2176843957e-01
-2.2036223505e-01
-1.9264741734e+00
2.1899322492e-01
-2.7914596620e-01
3.6654711697e+00
-1.1651240954e-01
4.8543002344e-01
-3.3159780549e-01
2.7693189251e-02
1.0637066673e+00
-5.9209428899e+00
-5.6844226225e-01
-2.1713955391e+00
1.0298837101e-01
3.0573988919e-01
-1.0936850370e+00
-1.5254228726e+00
-5.5953544952e-01
1.8909609029e+00
2.1428028074e-01
-2.5988716375e-01
1.4813432103e+00
-1.6295468698e+00
5.3543519988e-01
-3.1585017420e-01
6.2025437888e-02
1.9265536804e-01
-6.4572691475e-02
1.8893514500e-02
-2.4926490391e+00
7.4826789387e-02
-9.9074009645e-02
-3.0020157697e-01
2.3578568011e-01
-1.2632768837e-01
-2.0676104829e-01
-4.3232008546e-01
1.5318400137e+00
-5.4340765459e+00
1.8463910676e-01
-4.8468672880e-01
5.7502852371e-01
-4.3864542389e-01
-1.7484747467e-01
4.4207995691e-02
1.7120243033e-01
1.9693672423e-01
1.7803875976e-01
2.2503116961e-01
4.7736708471e-01
4.1577958320e-02
-5.3913883926e-01
-1.9183252896e+00
-1.7712206629e-01
-4.0093356529e-02
2.9902091616e-01
-1.7600377388e-02
-3.1895759379e-01
7.6721017309e-01
5.9007396430e-01
1.3620086707e-01
5.4085413248e+00
1.7469343560e+00
2.7011343027e-01
3.1540515711e+00
-1.0736042019e+00
-3.4811010995e+00
3.7205984475e-02
-1.2686875347e+00
6.8140493541e-03
-3.2664848369e-01
1.4287790088e-01
-4.9971820218e-01
-5.4075268865e-02
3.9739518335e-02
4.1120264037e-01
6.0168892675e+00
2.3936961163e+00
-1.9295450891e-01
8.5006875367e-01
-3.0526606559e-01
-1.7726053552e-01
3.7860677897e-02
2.3093982544e-01
2.9872389996e-01
1.1477500569e+00
1.2471049614e-01
2.2028730434e-01
-4.4331156778e-02
-4.7501836345e-01
5.2880731772e-01
5.7503109528e+00
5.3270897434e-02
-9.0037737033e-02
3.1454877723e-01
-6.2644919273e-03
-4.7335578872e-01
1.5901723577e+00
-6.5714432360e-02
-5.5268242940e-01
-1.7596003751e-02
-2.1642952631e-01
5.8043557386e-02
-9.6769423723e-02
1.7219221664e-01
4.8238115429e-01
-1.3753153923e+00
-3.6181458396e-01
4.2538698499e-01
5.9678385534e-01
1.5212565309e+00
-4.7002026254e-01
