1.9646949854e+00
4.2521269762e-01
-8.8142698265e-01
2.1460016409e-01
1.0425188988e+00
-5.4813357818e-01
-2.2225689352e+00
1.0528838602e+00
-1.5278683240e-01
1.2577631318e+00
-2.6327162553e-01
-1.0538189680e+00
9.3360911381e-01
-9.1985401485e-01
6.3417376111e-01
-6.5884493925e-01
-3.1168181418e-01
8.8505607813e-01
7.5455302904e-01
-4.9811622063e-01
1.6454618240e-01
-5.2969522586e-01
7.7372458718e-01
1.0891411973e-01
1.8341118245e-01
-3.3690844250e-01
1.0128234447e+00
-8.0620995208e-02
1.4258489427e+00
1.5025793043e-01
-1.5613061707e+00
6.4306981598e-01
-1.7151231790e-02
-6.2628919856e-01
-1.4712048250e-01
6.4149233094e-01
-1.9691502847e-01
-7.2588221304e-01
-3.7693128728e-01
-1.1730986976e-01
6.2356906585e-01
8.7782839592e-01
5.4874698721e-01
6.6210096860e-01
-4.0912949358e-01
-7.3319154838e-02
-7.2937162188e-01
1.2440924770e+00
-3.5857810983e-01
-2.7668407227e-01
-6.7763073644e-02
-8.8845502635e-01
-1.3829066470e+00
-3.2659574197e-01
-6.3363636598e-01
3.5535566058e-01
-4.0917498924e-02
