-1.1590379787e-01
1.0039728218e+00
7.8962689146e-01
1.9735792968e-02
3.4075007060e-02
1.9421825444e-01
-1.1391516044e+00
6.3345773932e-01
4.2278725986e-01
-1.1482571105e+00
3.8995418726e+00
4.3034590440e-01
-5.2853609273e-01
-4.4497281375e+00
4.3064269441e+00
6.3246276342e-01
-9.3122444312e-01
-8.7661003998e-01
9.9148188094e-02
1.1283430643e+00
-5.0728238142e-01
1.2569875567e-01
3.8619335061e-01
8.2791501835e-01
-1.1268241892e-01
4.6615088505e+00
6.2417789305e-02
8.6549186671e-01
-5.2429943156e-01
-9.9044206230e-02
1.3819210558e+00
-2.7226446672e-01
-7.9539102274e-01
3.7103113493e-01
4.4918638793e-01
3.0071291702e-01
5.0001075722e-01
5.9970116775e-01
-5.8352228897e-01
-1.7161616298e-01
-1.3329439098e+00
4.4493768610e-01
2.4384881557e+00
3.3894740365e+00
-1.3261161645e-01
6.9899946463e-01
1.6637589162e+00
4.1039702658e-01
3.9037044814e+00
3.8026079517e-01
-1.1589494935e+00
-4.3917750868e+00
-8.7296860744e-01
-7.2909064241e-01
8.2769812326e-01
-5.1124429727e-03
8.0676234579e-01
-8.2099641545e-01
-4.2724721030e-01
-1.3495322503e+00
-1.1958363408e+00
-1.0634979656e-01
-6.7252898617e-02
1.2781841784e-01
3.4971753526e+00
-4.0965185511e+00
-1.0839416474e-01
-6.0226024748e-02
8.1455472185e-01
-3.3318351506e-01
4.5402449434e-01
-1.2709163605e+00
4.0527245018e-01
-4.2552958110e+00
-4.6902478232e-01
4.7691396599e-01
2.7701292341e-01
3.4440466950e-01
-3.5242046466e+00
-8.9482287620e-01
1.6096123174e+00
1.3379654865e+00
1.1378659275e+00
3.0734026912e-01
-1.2172516394e+00
-7.7439068619e-01
3.4689998707e+00
-2.6240014358e-02
6.3497869095e-01
-6.8203927601e-01
-3.1361540863e-01
8.0947202221e-01
8.0765137465e-01
1.4541096874e+00
5.5704503625e-01
2.1284381291e-01
2.6688972912e-01
-2.0395409532e-01
5.6579020316e-01
2.4362934479e-01
3.6314677480e+00
5.7508846218e-01
5.5961990822e-01
-3.5161651224e-01
-6.1186117699e-01
2.3826462357e-01
-6.6246112694e-01
1.4805827420e-01
3.8041620977e-01
-1.5874547147e-01
7.2362402265e-01
-3.5601047423e-01
-9.4381703325e-01
2.2918495520e-01
-1.5114034470e-02
-3.0946866745e-02
2.0533462856e-01
3.4113745549e+00
-1.0404467763e-01
1.3013645063e+00
-6.6543036410e-02
-5.7390922928e-02
2.3754098357e-01
-4.6031597893e-01
3.0045383754e-01
4.8389044664e-01
1.8914185588e-01
-1.4224699131e+00
8.1866554747e-01
5.0913816084e-01
-9.0654327026e-02
3.5557873030e-01
5.8856080999e-01
-1.7551160024e+00
-1.1763716838e+00
-1.3324844991e+00
1.8947312043e-01
1.3074228023e+00
-6.8432546316e-02
-9.3974784730e-01
-8.3902366496e-01
6.4583653582e-01
-1.0363387163e+00
-8.0056384272e-01
-2.6205612813e-01
8.7733530946e-01
-1.2606383900e+00
3.9314052351e-01
-5.3356992641e-01
