8.9477470537e-01
-1.5838665653e-01
-1.5506478273e+00
8.6895977959e-01
-1.9161587236e-01
-4.0645756410e-01
4.6946710735e-01
1.1007489051e+00
7.6548549156e-01
5.2075506875e-01
-4.6183570842e-01
-2.0507449144e+00
6.8793766488e-02
-1.0159977551e+00
-2.6527606372e-01
1.8171910885e+00
-3.2160528326e-02
-2.1059294833e-01
-5.4801908210e-01
-1.1945512326e-01
-3.5395986137e-01
6.3929522913e-01
2.8083348874e-01
-2.8277490272e-01
-1.3081290208e+00
2.2228301154e-01
3.3921117858e-02
4.4806056679e-01
-1.7895045076e-01
-1.2274690601e-01
6.7328244248e-01
-9.6798301757e-01
-1.8452609719e-02
-3.3537298829e-01
-1.4607255704e+00
5.3487249758e-01
-5.3608279554e-01
5.1341181968e-01
7.0741451514e-04
5.9244256020e-01
3.4590943224e-01
1.4934690106e-01
-1.1311900645e+00
4.1201740936e-01
-1.6471742655e-01
-3.9278796929e-01
3.5926186763e-01
-3.2272201248e-01
-2.7124115644e-01
2.7680745010e-01
-8.7296245718e-01
-1.0352726854e+00
-1.0696632534e+00
1.8163970694e-01
-2.2587009711e-01
1.0693350720e+00
1.8165168419e+00
-3.9365433805e-01
6.6417447961e-02
4.9743202957e-01
-2.5996552135e-01
-4.4446329281e-01
-1.2751571128e-01
-1.0069822231e+00
5.6538472999e-01
2.3505682407e-01
8.8171605161e-02
-1.7980813361e-01
-1.0872571294e+00
-2.9354289545e-01
-3.0036743250e-01
-7.4537110917e-03
-6.6070449239e-01
7.0625375137e-01
4.7736053484e-01
-4.5683334115e-01
4.9231183108e-01
-9.5434342093e-01
3.0363421837e-01
1.1805716581e+00
3.2892942679e-01
-5.7062784065e-01
2.3546177893e+00
4.2918789031e-02
-9.8023884232e-01
-2.6733283543e-01
-1.4458322470e-01
-1.8003106298e+00
5.1401672466e-01
-3.1164612647e-02
-3.5058327637e-01
1.1087513567e+00
-5.4959384800e-02
-3.3304302994e-01
-7.8731353066e-02
-4.8528223512e-02
4.0352560976e-01
-3.8523853001e-01
7.3680800131e-01
2.1034342889e-01
6.4796542118e-01
-1.6013641563e+00
2.0375808688e+00
4.0147367276e-01
4.5589473234e-01
-1.8009783977e-01
-6.5644307341e-01
1.2799476659e-01
8.3682769384e-02
-1.3915048180e-01
-6.3320285459e-01
9.1563490270e-01
3.2729487132e-02
8.8702136327e-01
6.8816354914e-03
-3.1598520114e-01
-2.4982687418e-01
-2.5467409016e-01
2.7169126153e-01
-1.0941140327e-01
6.5577893444e-01
-3.0421531135e-02
5.5540741598e-02
-2.0658692167e+00
2.1257556317e-01
-3.1553733856e-01
2.1146643346e-01
-3.9455463842e-01
-1.0998586274e+00
1.0893602730e+00
-1.0887130285e-01
-1.8416975032e-01
7.5211502587e-01
3.8965605590e-01
1.1806649503e+00
-2.4313669078e-01
3.9825264645e-01
3.8470083867e-01
-1.1640010155e-01
-4.3081118582e-01
-4.8110017158e-01
-4.3449646222e-02
4.0965380145e-01
-5.0404430957e-01
-8.8361995251e-02
3.2480512038e-01
-7.0079153199e-01
7.3997355364e-02
9.4909464021e-02
