-4.9215641691e-01
-1.4192762641e+00
-6.1221618446e-01
-1.3607462231e+00
2.0510331271e+00
1.1895936211e+00
-1.6124067082e-01
1.6521586859e+00
-6.4828366017e-01
8.1643847315e-01
7.9733731564e-01
7.2014155665e-03
9.3607134006e-01
-2.2471441831e-02
-7.4788401218e-01
8.6010534504e-01
-8.3164690047e-01
-3.3016344101e-01
5.0453556069e-01
2.0057741134e+00
-2.8413466062e-01
1.5464086169e+00
-3.3287007260e-01
9.0076105785e-01
9.6657123506e-01
-2.9660153153e-01
-1.0698098376e+00
1.1222680788e+00
1.4030803079e+00
-1.1405439557e+00
-1.9749401380e-02
2.1160876513e+00
1.1231912773e+00
-7.6446743923e-01
-5.9045085556e-02
-3.6387191133e-01
-2.9053996557e-01
-2.4383674029e-02
1.1711081067e+00
-9.0246992647e-01
-2.5929907944e-01
1.0849845914e+00
-1.8906845548e-01
-1.0654023471e-01
5.7864616041e-01
9.0486018902e-01
8.9145680876e-01
4.5612018338e-01
1.8095251973e+00
1.8068327893e-01
-1.7120457297e-01
1.6443115688e+00
1.2611274048e+00
1.0172210301e+00
-1.1432397425e+00
-1.3566604589e+00
1.2986349733e+00
1.1120102693e+00
4.7513379841e-01
8.4904182323e-01
-5.9923897526e-01
-9.1581470583e-01
1.1167898788e+00
7.9015773566e-01
-3.2105388279e-01
8.3759438329e-01
-1.1797016908e+00
1.4693388041e+00
-6.6538319824e-01
1.7668595758e+00
-3.4813638676e-01
-8.8414693546e-01
9.1267238114e-01
-2.0105909927e+00
-5.7020107273e-01
-5.4396201447e-01
9.5297030345e-01
-1.6791114808e+00
1.7005252736e-01
9.4835069619e-01
1.6005927466e+00
-4.7333228471e-01
1.5043711968e+00
1.0767771297e+00
-2.6887470220e-01
3.2215294191e-01
-5.1878316665e-01
1.1168976598e+00
-2.6825343037e+00
6.2079556059e-02
-1.4653637808e+00
-1.1174570308e+00
-1.0061918875e-01
-2.0716780719e-01
-3.8512498910e-01
6.6963587972e-01
-2.0639801408e-01
9.5295512018e-01
8.7597506075e-01
1.6609245232e+00
6.8514343003e-01
-7.4576924355e-01
5.6536691919e-01
1.4293909814e+00
1.0106424193e+00
1.1296085820e+00
-1.8823531516e+00
-3.2797776479e-01
-3.6947168456e-02
-1.7961289773e-01
-7.8005604125e-02
7.8512379800e-01
1.0133773928e+00
-1.6984945752e+00
1.5194882271e+00
1.1880054486e+00
-1.5243800289e+00
1.8208982186e+00
5.2300750905e-02
7.1711306549e-01
-6.4225496906e-01
2.7217755415e+00
-5.0854650145e-01
-6.1145835942e-01
-3.3881491108e-02
-3.4430730378e-01
-1.6739462939e+00
2.0142912563e+00
-9.5425306803e-01
-1.0818891920e+00
-7.0086027392e-01
-5.0758622455e-01
-2.1110250779e+00
9.6331335256e-01
-5.4662982752e-01
-5.3013954237e-01
-1.0633681511e-01
-8.1591398132e-01
1.2346025403e+00
1.0845690383e+00
1.4961585229e+00
-1.0796589303e-01
-3.3841172525e-01
9.0993355100e-02
-2.1407057503e-01
-2.0261012800e+00
-3.1686494705e-01
1.1726317456e+00
9.5648935506e-01
9.9006752331e-01
4.7470542520e-01
7.1960510521e-02
-2.0644724160e+00
-1.1056735921e+00
-1.4716900346e-01
-8.7346106547e-01
1.2319411260e+00
4.6752306454e-01
9.6750811065e-01
1.5127130787e+00
9.4527167480e-01
-5.1054858639e-01
-1.5388474517e+00
1.0145704064e+00
-3.0146090285e+00
-1.8746410906e-01
2.4100256682e+00
8.2325962158e-02
1.3480388619e+00
