-2.3779709042e-03
-8.3083646306e-03
7.0400936718e-01
-3.6530974591e-01
1.2972929984e-01
1.4669524448e+00
1.1457152448e+00
2.0858553313e-01
1.8435591370e+00
8.4657853164e-01
-1.1203485291e+00
-1.3197524507e+00
-4.4128266713e-01
1.7957035896e-01
1.5301502053e+00
-1.7658128563e-01
-4.2051935661e-01
-4.9300998007e-01
6.9906860921e-01
-1.6330517043e+00
-1.6056357840e+00
-1.2095640005e+00
1.0620344171e-01
-1.6163088414e-01
5.9189678958e-01
-5.1500995201e-01
1.8747288017e-01
1.5061894656e+00
1.3530338118e-01
1.1637680642e-01
-1.1934482030e+00
5.1618648859e-01
-8.6646773698e-01
9.7695515446e-01
-1.4196805616e+00
1.3466152872e+00
4.3043527595e-01
5.7573344306e-02
-1.5770239039e+00
-3.3850865767e-01
4.6654275820e-01
6.6604933504e-01
2.9546623744e+00
5.3461609446e-01
5.7205632790e-01
4.4204038847e-01
1.2010440849e+00
1.8490607586e-01
1.1180861591e+00
2.4534530528e-01
1.2503717390e+00
-1.2736073372e+00
1.1853773680e+00
-1.1492857431e+00
7.5332599320e-01
1.4260091798e-01
8.0467184783e-01
-6.2943227791e-02
-7.0648460913e-01
7.0726360355e-01
-4.3421228916e-01
1.4530570466e-01
4.3173816857e-01
6.8227021231e-01
2.0457037563e+00
2.6979766808e+00
1.4491029125e-01
6.9392908186e-01
-1.9438344608e+00
