3.5190414728e-01
-2.4772533289e-01
7.1149504257e-01
-1.4168356402e-01
4.5961607016e-01
-8.9960999735e-01
-3.7722184470e-01
-3.9326792934e-01
-3.4005486083e-02
1.9703764568e+00
-4.7254126167e-01
-2.9536524408e-01
3.7011905632e-01
6.9000973851e-01
-4.6305831268e-01
-2.0508192843e-01
-4.4026934175e-03
-7.8464366517e-02
-5.0475908003e-01
-1.9433293561e-02
8.9669697134e-02
-2.6920404098e-01
3.6922277929e-01
-6.9946424280e-02
-3.2636538903e-02
-2.3045892932e-01
-3.7000351390e-01
-1.2370106630e-01
2.0686489336e-01
-1.3620239138e-01
3.9701470568e-01
-1.2889398665e+00
-2.2435477367e+00
2.9134422141e-01
-8.2558595844e-02
1.2948153664e-01
-1.6994715736e-01
-8.7692344887e-01
-2.4159356694e+00
-1.5936521823e-01
-3.7316722292e-01
9.9141085128e-02
4.8915806880e-01
2.9064453750e-02
-7.8705941307e-01
-3.2738321690e-01
2.3154831163e-01
2.2269248927e-01
4.4112318843e-01
2.7616723287e-01
-5.0089529153e-01
1.6065449548e+00
2.0067140567e-01
1.8997541954e-01
-3.1975394771e-02
-3.7819266269e-02
5.1220520226e-02
-4.7007620735e-02
-3.6457832334e-01
3.0066407166e-01
-1.6349904654e-01
-3.7092855540e-01
4.3825794621e-01
-2.2830514128e-01
-1.0036199406e-01
1.2365877665e+00
1.6439867334e-01
-4.7673248459e-01
1.4225667660e-01
-5.8015202431e-01
-1.4635408688e-01
6.7614949241e-02
-2.2299148842e-01
-3.7954554223e-01
2.3786020029e-01
-7.5903179690e-01
6.4565310471e-01
1.9421089950e-01
1.6701759759e+00
-5.2560740511e-01
-3.2421262466e-01
-1.4857797599e+00
-9.2509969217e-01
1.7570743404e+00
2.5168258957e-01
2.4573854763e-01
8.2121695421e-01
-2.0628533599e+00
-1.0464070713e-01
-4.1727695748e-01
-7.6818565594e-01
2.1216456259e-01
1.3718151740e+00
-1.7500992336e-01
3.7088641537e-01
6.0836690588e-01
-5.5517943680e-01
-5.4695067631e-01
2.9293695737e-01
2.0539351023e+00
-6.0720259013e-01
-1.8695733037e-02
-1.1171763671e+00
5.7933192683e-02
-3.5505202064e-01
5.3877112940e-01
-8.7340027142e-01
5.8134167030e-01
1.0599916585e+00
1.1245051987e+00
-2.2040238377e-01
-5.7798715366e-01
-3.3382564087e-01
-9.1450364513e-01
-9.6912142659e-02
-4.5213381211e-01
8.3826658107e-01
-1.3348126106e+00
-8.4559531887e-01
3.9749419226e-01
1.5620192770e+00
-4.7964837175e-01
1.1361060075e+00
-8.6293740256e-01
4.2496747483e-01
2.3916722520e-01
1.1550706353e-01
9.4907529626e-02
-2.5182457104e-01
9.5356310271e-02
-3.2091952486e-01
1.7212459738e+00
6.8397948058e-01
5.2019166374e-01
4.6649490463e-01
-9.5110712639e-01
1.1482758889e+00
7.3736698729e-01
-9.0325081003e-01
-4.8355363702e-01
8.5812188454e-02
-1.7678034572e-02
-7.4816148609e-02
1.0097731265e+00
-4.5812508822e-01
-2.8339892106e-01
5.0325418949e-01
-2.6374347962e-01
-1.8596878582e+00
-1.2818081291e-01
1.8724088785e+00
-4.3489971751e-01
-2.0756716748e-01
9.6726838841e-01
-2.7365751566e-01
-2.8622886425e+00
-2.3906529311e-01
3.1744039313e-01
7.3952850056e-02
1.9417040140e-01
-3.1846743870e-01
-2.3736223096e-01
1.9098941981e-01
3.2040367495e-01
2.5561953313e-01
-5.7306560384e-03
6.0891755658e-01
-4.4766576337e-01
3.7306193713e-01
