-2.4553681476e-01
1.1288717247e+00
4.7336820210e-01
7.4113210591e-01
-1.4049027631e+00
-1.5995220719e+00
8.1829825565e-01
-1.6456340733e-01
9.0693529975e-01
2.4128346242e+00
1.7345756041e+00
-1.5128310385e-01
9.5822183565e-01
-1.3393074262e+00
1.3299455818e+00
1.1756862898e+00
1.3568534639e+00
9.3437085701e-01
-1.1275346964e+00
9.3832227183e-01
-6.5639555832e-01
9.3763892071e-01
-5.8085066965e-01
-6.6709991243e-01
-5.8212828974e-01
3.6144076105e-01
1.3206195361e+00
-4.3070256548e-02
-3.7575780267e-01
5.4514411014e-01
1.1885673664e+00
-2.4651983495e-02
1.9303890340e+00
2.3933422425e+00
-6.8439471687e-01
-1.0894771990e+00
2.1975425432e-01
9.3604141164e-01
1.7949870214e+00
-3.0120097009e-01
-7.3994108404e-01
-1.8655864713e+00
1.0463209541e+00
-1.7185671108e-01
-1.1590743436e+00
6.9654890833e-01
-9.9785698250e-02
9.8596259189e-01
9.7335707560e-01
-9.7981510215e-01
-1.6601879657e-01
-1.3086242465e+00
-5.4013537433e-01
-9.8313130400e-01
-1.3543763868e-02
-1.1443474360e+00
-8.3740069389e-01
9.2118853780e-01
9.5832868102e-01
1.1828332192e+00
2.1734930657e+00
-5.9176667588e-01
5.7470165351e-01
-5.3047961596e-01
8.0365433060e-01
3.6568401506e-02
1.7022300071e+00
5.6125390320e-01
5.8002513460e-02
3.5732395713e-01
7.1840947259e-01
1.2719550563e+00
-1.8330420608e+00
1.7093886745e+00
-7.2059794073e-01
-1.8315206256e+00
1.1141808411e+00
-7.3961526909e-01
-9.6043609147e-01
1.5174188585e+00
-9.5341048603e-01
-1.1255154371e+00
1.0679802844e+00
1.7076358452e+00
5.4125478470e-01
-1.2903244843e-01
8.8253504802e-01
-1.8099295520e+00
6.4542936246e-01
1.1858555660e+00
1.0853051320e+00
6.5314786633e-01
8.9713487219e-01
-6.4187391884e-02
-1.4201901444e+00
9.8365499315e-01
-1.5775449288e+00
-1.0690885411e+00
9.1142547048e-01
1.5461849940e+00
-8.2424012857e-01
-1.5224523221e+00
1.6666638466e+00
-1.4326975843e+00
9.5751018646e-01
9.3577806600e-01
8.3937381701e-01
-4.5885633010e-01
9.1721034016e-01
9.8262288333e-01
9.4390084534e-01
-2.0702801817e-01
1.2207261325e+00
1.1600279810e+00
6.6045917101e-01
-9.2588780914e-01
-2.1315397133e+00
-7.3052616678e-01
1.4838052821e+00
1.3456297350e+00
1.0158830187e+00
-2.2734063747e-02
9.3338431426e-01
-4.7239591715e-01
-7.8295979829e-01
1.7920650908e+00
-4.3007868368e-02
-1.3531175788e-01
-1.0508054821e+00
-5.2712870795e-01
1.1619224933e+00
-1.9915356534e-01
1.3001453151e+00
-2.4914090438e-01
9.7757686203e-01
-2.1250524405e-01
1.0490909852e+00
8.9409986183e-01
-5.6515069372e-01
-7.9790800290e-01
-8.0505343014e-01
-1.0618554744e+00
1.0923769681e+00
-3.5602275395e-01
-4.3032408889e-01
1.3896735954e+00
3.2949374510e-01
8.9270278763e-01
1.3610354981e+00
-9.6394045469e-01
-3.5643893656e-02
9.7747401864e-01
-1.5063753569e+00
-1.0535209289e+00
1.0773469959e+00
1.0580822046e+00
1.1750668457e+00
7.7942035545e-01
-9.8993978790e-01
1.1040055528e+00
2.1359166161e+00
9.5891797278e-01
-3.5820682960e-01
1.3182251368e+00
1.9253679790e+00
9.8605056619e-01
1.2166312495e+00
5.1875429913e-01
-1.5787447892e-01
