-1.0138616150e-01
1.5133559390e-01
-1.5836904939e+00
1.5913364301e+00
8.4773912561e-01
4.9997370283e-02
7.5151013320e-02
3.1211155514e-01
2.0990880536e-01
-2.9238975604e-01
1.7571110894e-01
-2.8976216773e-01
1.1172063294e+00
3.6045062922e-01
2.0522518556e-01
2.0913256155e-01
-2.2627006594e-01
-4.1483218611e-01
-3.5236875348e-01
3.4605787040e-01
5.8380224646e-01
-1.3026390741e-01
1.1378087607e-01
1.0332040081e-01
1.0465492182e-01
9.4346676139e-01
-3.7487471571e-02
3.2165849376e-01
-5.2815049289e-01
-9.1223491934e-01
-1.0447496598e-01
3.2594210099e-01
-9.3839313842e-01
6.5011155433e-02
-2.0763531947e-01
3.8388672821e-01
6.2487738076e-01
8.2009266346e-01
-2.0938457911e-01
-2.4064022684e-01
-4.3608581747e-02
-6.7596064212e-01
-2.5900831582e-01
5.7385298756e-01
5.3953915649e-01
-1.1303210220e-01
-3.3670822682e-01
4.7043527018e-01
-7.4536142171e-01
-2.5872402688e-02
-3.3557209228e-01
2.4385306885e-01
9.9266308231e-01
3.3572590674e-01
6.3732933902e-01
4.5905686615e-02
-1.3832003873e-01
9.5592131201e-01
-1.2339124212e-01
1.5793523347e+00
-8.6215809461e-02
-1.4981110880e-01
1.4990187968e-01
7.4381840868e-01
3.2306543631e-01
-5.5921193948e-01
1.7296783663e-01
-9.8987593262e-01
-7.1154186402e-02
