1.4468133635e+00
4.9126314045e-01
7.1450366307e-01
1.4854529667e+00
-1.4899919972e+00
2.5286649711e-01
4.5401494232e-01
2.1450525946e-01
9.1420293310e-01
1.4154895389e+00
7.1325421173e-01
1.1323797404e+00
-3.2169776538e-01
1.8732655641e+00
8.4563234377e-01
1.3830763380e+00
4.2151848995e-01
-7.7714999876e-01
-1.2414776980e+00
1.5830135248e+00
4.7830593812e-01
1.2504279675e+00
2.4580468154e+00
1.5512029129e+00
3.7160216524e-01
8.0057978212e-01
1.9370326611e+00
9.2975027874e-01
-2.0658624554e+00
8.6140830115e-01
-3.2223495378e-01
-8.9859292921e-02
6.6173537748e-01
6.1394628398e-01
1.4102016935e+00
5.3259568272e-01
5.7175974058e-01
1.1097857960e+00
-1.5907546206e-02
4.1851902845e-01
-1.3739823068e+00
-1.8977331260e+00
8.0160005508e-01
9.9262446830e-01
-1.7091677915e+00
-2.5750989605e+00
-2.1332070830e+00
9.5434608606e-01
3.2233679076e-01
1.0148090103e+00
1.4078665731e+00
2.2382019822e+00
1.3541840301e+00
1.1674206579e+00
-5.2156727254e-01
-1.2623344272e+00
9.7088534403e-01
9.0872887789e-01
1.4949448925e+00
-1.1756875122e+00
-6.4040798241e-01
-1.0403895463e+00
6.9741800879e-01
-1.1036627075e+00
1.4842554115e+00
1.3090248398e+00
1.4265735835e+00
2.8714052065e-01
1.0225879975e-01
6.0480157683e-01
9.0089934076e-01
1.3085845215e+00
1.7807460262e+00
1.0818629394e+00
-1.0906823870e+00
1.3630201763e+00
1.2229535107e+00
5.4943364484e-01
5.4003052345e-01
1.3489239881e+00
1.5210202683e+00
-7.5874011342e-01
5.9506162445e-01
-6.7493548914e-01
1.5380944195e+00
-9.7165654537e-01
2.7781020421e-01
1.0886629914e+00
-6.6776663554e-01
9.1001804845e-01
1.0637301519e+00
6.5972720136e-01
1.5548277085e+00
7.6294420376e-01
2.5563216165e+00
6.7197711766e-01
-1.7311397272e+00
9.6646243845e-01
-1.0249469893e+00
1.4058065699e+00
1.7225181261e+00
-9.0919490458e-01
2.3656734626e+00
1.6144508757e+00
-1.4105717449e+00
1.2800619395e+00
4.7562282113e-01
5.2639308513e-01
1.5917022748e+00
1.2654721405e-01
-2.2365677063e-01
-1.6925716297e+00
-9.7380050441e-01
2.5741974850e+00
1.1849178111e+00
9.2516698791e-01
-3.0290065634e-01
6.1820597761e-01
-8.6874178558e-01
2.6214658565e-01
1.2467766627e+00
1.8429191430e+00
2.1156793000e+00
1.8504853884e+00
9.3952478709e-01
7.8784961800e-01
1.1997278400e+00
-1.0563589187e+00
1.5587256536e+00
-3.4714100633e-01
1.2304444376e+00
4.6628593168e-01
3.1822431843e-01
1.5194045985e-01
-1.6352108307e+00
-1.6829330118e-02
2.2518638767e+00
7.4156839525e-02
1.3909806133e+00
1.2920275860e+00
1.1502553820e+00
-9.5635412857e-01
-2.8646179218e+00
1.8801926293e+00
2.0667672712e+00
4.4417575264e-01
1.5972579653e+00
-7.4406672992e-01
-1.3727578467e+00
1.8526709558e+00
8.3277658109e-01
8.0958661618e-01
-4.2708216552e-01
-7.4968716892e-01
1.1396013292e+00
8.1269550817e-01
2.2499478919e+00
1.2402901090e+00
1.7568093524e+00
7.6237416398e-01
2.2639066723e+00
7.4864499329e-01
-1.0421213960e+00
-1.0551201218e-01
1.5314961987e+00
1.0147003152e+00
1.4203747800e+00
2.1056497410e-01
1.4008753367e+00
