-5.8614575076e-01
-5.7314706900e-01
8.1663473505e-01
-7.2817167686e-01
-1.1261290865e+00
1.3740969576e-01
-1.8951242542e+00
3.1774394793e-01
9.4280282184e-01
1.0700018294e-01
1.6928948058e+00
-3.0151687570e-01
1.0191637215e+00
-2.6806785347e-01
2.8714049415e-01
1.1829211885e+00
-2.2369704165e-01
-1.3893108075e+00
-4.3587685142e-01
6.0807745351e-01
-9.0608930659e-01
8.8360678094e-01
1.4915575946e+00
-1.5152527604e+00
-7.2838449509e-01
3.2623248621e-01
-3.4761146969e-01
-3.6715723122e-01
1.2133149680e+00
-1.5778808902e+00
2.0286930027e+00
-1.3558522773e+00
4.9370950437e-01
-5.6792102055e-01
-1.6152731236e+00
2.8440250935e-01
-8.9429826232e-01
-2.7467488438e-01
5.5929903214e-01
4.9692007456e-01
-3.4895927292e-01
6.6583469362e-01
-1.5052447129e+00
-2.2335367802e-01
4.7645748623e-01
4.5428392862e-01
-1.4920861287e-01
-1.4799304724e+00
8.2197378428e-01
-1.4313356599e+00
-8.3672815084e-01
7.5403682397e-01
-2.8160653659e-01
-8.7001184874e-01
-3.6097110096e-01
-1.0950973583e+00
1.2742107611e+00
-2.4429693860e+00
-2.5275947987e-01
1.3541302065e+00
-2.3586620793e-01
-2.3991568579e-01
2.4074196609e-02
-2.4593894186e-01
-1.2151405065e+00
8.4811363828e-02
1.6545873994e+00
2.1444359696e-01
-1.0947214975e+00
1.0150221427e+00
-6.8831491391e-01
-7.8284912578e-01
-1.6985787975e-01
3.2236884941e-01
-4.8334579853e-01
5.9419621446e-01
-1.0453879020e+00
1.9535049527e+00
6.8139282397e-02
-1.7920422378e+00
-1.2817303502e+00
-1.7308385771e-01
7.4557001547e-01
-1.2749746439e+00
-1.4300408982e-01
3.5309330292e-01
2.7455077368e-01
5.8932174105e-02
1.2009686852e+00
-1.3768516804e+00
9.5267913044e-01
-8.0398611726e-01
-2.7242161952e-02
-2.5498526061e-01
-7.7695387469e-01
-1.3285181004e+00
9.0285867825e-01
-7.0092962663e-02
-9.3561537071e-01
2.7913367944e-01
2.5275969995e-01
-3.9716747313e-01
-7.2993039379e-01
-1.0287830282e+00
-2.0583962065e+00
-3.0173340766e-01
3.6040346409e-01
2.9797476947e-01
-1.0853412199e+00
1.9783231556e-01
-7.7091287813e-01
7.3768563578e-01
1.2439969169e+00
1.8608010204e+00
1.4835046997e+00
-1.0097735653e+00
6.2215301269e-02
8.7081786639e-01
-7.5598008764e-01
5.1779474543e-01
-7.7315745657e-01
7.2253567153e-01
2.1825448277e-01
-1.6477273265e+00
-2.3584922032e-01
-1.2041819079e+00
9.6535393217e-01
1.6527226419e-01
-1.3494442934e+00
-1.1528258279e+00
-1.3978913312e-01
4.1364317985e-01
-3.4667015150e-01
-1.7409503930e+00
-1.0279425545e+00
1.7994442638e+00
8.6448744102e-01
4.4475228830e-01
1.0448528485e+00
-5.7238338670e-01
-3.6803538771e-01
-5.2166201314e-01
6.4689427412e-01
-1.4326368126e-02
-2.0509209054e+00
1.5971100930e-01
7.7181863258e-01
5.1513968271e-01
-1.1720266735e+00
1.0263618931e+00
-2.3501077221e-01
-8.5653592155e-01
-1.1647484795e+00
-3.2653462016e-01
9.4846046681e-01
-1.1985221555e+00
-2.5731833062e-01
-2.1341862205e-01
1.2772480780e-01
-7.4576816558e-01
-1.9124066798e-01
7.7703769681e-01
2.3656911949e+00
9.5531150144e-01
1.6339549521e-01
-1.3863567831e+00
-9.6393672630e-01
1.0686614235e+00
-2.3708318607e-01
-2.1422382349e+00
1.3749097292e+00
-4.4832182774e-01
1.8266911393e-01
8.7867170151e-01
2.7539783529e-01
9.1756508707e-01
-3.1196134824e-01
-4.5762451415e-01
3.2020664189e-01
1.2772580988e+00
-8.8049895132e-01
1.1146981831e-01
-8.7482280177e-01
-1.8117902166e+00
1.1212029243e+00
1.6131114553e+00
7.8398604260e-01
1.0952615849e+00
-2.1422778264e-01
1.9607360663e-01
6.1199161808e-01
-1.1904306652e+00
-9.1177759052e-01
1.9377027120e+00
-8.1073926032e-02
6.2140902568e-01
-7.3387214910e-01
-2.6012641692e+00
-7.3597930286e-01
3.2880484094e-01
-4.1174096120e-01
8.3854657535e-02
-6.7447314183e-02
-1.0591364348e+00
1.0954044583e+00
4.1240994945e-01
-3.1004991708e-01
6.1670480664e-01
2.6148868352e+00
3.2747927399e-01
1.1468000545e-01
2.0729784791e-01
1.3767487869e+00
1.1936618968e+00
6.3063770984e-01
2.4412947308e-01
-1.7591138093e-01
-5.8546101544e-01
-9.1631037273e-01
-5.0741893046e-01
5.8437675657e-01
-7.9424931712e-01
1.3262798976e-01
-1.2725117864e+00
-9.4286978128e-02
-6.5080981440e-01
-2.8902217785e-01
-1.2386698721e+00
-7.6686354699e-01
1.0830567227e+00
-2.8969146764e-01
-3.4237734984e-01
-1.4820333561e-02
-9.4534589808e-01
2.1316373178e+00
-3.2407561873e-01
4.8959372475e-01
1.0318224277e+00
1.2827954919e-01
3.5836633729e-01
2.2664197591e-01
-1.4489590123e+00
-3.0767719423e-01
-5.0811387867e-01
-2.1390904243e+00
1.0672425195e-01
2.2531656969e-01
-6.5132547798e-02
5.8160201652e-01
3.7659181549e-01
-3.9336228821e-01
-3.9182937400e-01
-1.7590538612e+00
-7.9635395204e-01
4.0014435542e-01
2.3921809394e-01
-9.8545731605e-01
-2.1654388324e+00
-2.6808146323e+00
-9.4157421368e-01
-1.0378075900e+00
8.2678134170e-01
3.9033417305e-01
9.0968825848e-02
2.2222250658e+00
-6.0721094496e-01
-6.5384734109e-01
1.4952783841e+00
1.3616815936e-01
9.3963036289e-01
-3.6531488856e-01
7.2556856873e-01
3.6824764167e-01
-1.0388302900e+00
1.9350601028e-01
6.7965378710e-01
-2.5559992722e-01
-4.9318889372e-01
-5.4831180615e-01
-9.8113832956e-01
1.7727513026e+00
1.0120126334e-02
9.9516594073e-01
-1.4475940408e+00
1.2931883830e-01
-2.6028091933e-01
-1.1560234483e-01
-8.0621494461e-01
-1.1969097139e-01
1.3769044606e+00
-3.2481900643e-01
7.4919574006e-01
2.2531394650e-01
-3.7341635982e-01
-1.4889425292e+00
5.0581210973e-01
8.1246558830e-01
-6.0686791557e-01
4.4742265729e-01
-2.6863026604e-01
6.2361881299e-01
-6.4240756779e-01
2.3240347286e+00
5.8488491836e-01
4.4771184090e-01
7.8900085970e-02
5.8927481976e-01
-8.7879838783e-01
-1.0306794400e+00
-1.0046175432e+00
-6.5310740745e-01
-2.0738581042e+00
1.2772106047e-01
-8.0443897912e-01
-1.2315269219e-01
-2.6163462926e+00
1.3815488115e+00
7.7818738885e-01
8.2756476160e-01
-1.4727902037e+00
-4.5765479651e-01
-8.7299337418e-01
-1.9058543604e+00
5.0867547365e-01
-1.2235826165e+00
-1.8463974335e+00
-1.0022935199e+00
1.5827310492e+00
-1.6098319859e+00
-2.2224511581e-01
3.8126581596e-01
5.1635141348e-01
2.9464144647e+00
-9.8535066200e-01
2.9351092072e-01
1.1288832494e+00
7.8632568738e-01
-7.5832482589e-01
7.1271297706e-01
3.2150709962e-01
-4.5818296372e-01
5.7505742665e-01
-7.4479927889e-01
-3.6927145707e-01
-8.4316032260e-01
4.3212372560e-02
-6.5152406169e-01
-1.5284487909e+00
-7.9759871807e-01
-8.2948705824e-01
-2.7888075990e+00
1.3045138650e+00
1.1806388683e+00
2.6303675511e+00
1.0999216449e+00
2.3545218768e-03
-3.4734858948e-01
-4.4508916831e-01
-5.2280455448e-01
-7.6743633397e-01
-1.6674000739e+00
-4.1323281229e-01
-4.7756365544e-01
2.0703553994e-01
2.1761068339e+00
-6.9469183419e-01
9.2082807400e-01
1.0799445368e+00
1.7248016119e+00
-5.8677769793e-01
1.0046548687e+00
-8.9365792001e-01
-1.3446126119e-02
5.7656473888e-01
-8.6123406244e-01
9.6620769952e-01
2.4765927826e-02
1.3299340213e-01
1.5849639150e+00
-2.6627670113e-01
7.8921815622e-01
6.7623568902e-02
-1.0427524112e+00
-5.3835477936e-01
-9.4401676829e-01
3.8405325157e-01
8.3065054247e-01
-2.4294809699e-02
-2.5365890742e-01
-3.1685613688e-02
-2.4440218238e-01
4.5327108376e-01
-1.5548245944e+00
-2.2563698909e-01
6.3628565173e-01
3.1892186988e-02
1.9797437555e+00
9.2878881420e-02
2.6559065717e-02
1.2242424100e+00
1.8345452403e-02
2.2983248883e-01
-1.7880850780e+00
-2.8406430650e-02
-1.1308325540e-01
-8.0420130330e-02
-9.6213141926e-01
9.0368884314e-01
7.5647229996e-01
-1.0794426705e+00
1.5650967595e+00
2.3942518411e-01
-4.8076406486e-01
-2.1012561799e-01
8.6931096088e-01
7.3107088378e-02
-2.0277858830e+00
-1.4376650090e+00
-1.1292711529e+00
5.8192466159e-01
1.0157296496e+00
7.1006354452e-01
-5.0455587637e-01
2.9975465053e-01
5.4052527086e-01
1.7297388336e-01
6.0274876975e-01
-1.1091107781e+00
-4.5811012574e-01
-7.3932271206e-01
3.8849556458e-01
-4.9204020076e-01
-1.9934819664e+00
-1.0503171022e+00
-2.5221094722e+00
9.2415135750e-01
6.3727004466e-01
-2.2348991803e-01
-1.9189195116e+00
1.3319427593e+00
-1.5499054057e-01
-9.7924465746e-01
1.9036388186e+00
-5.1243151002e-01
-7.4804951409e-01
-4.1970869143e-01
2.0605050101e-01
1.4793077510e+00
9.8456861683e-01
-1.1123575533e+00
-2.4431163204e-01
-1.4929935879e+00
-1.4981775509e+00
-1.1725179432e-01
1.4866741081e+00
1.1750751665e+00
-2.6680348704e-01
9.8512858263e-02
-1.3648557571e+00
-7.6190509241e-01
5.2995200424e-01
-2.0295098053e+00
-3.5857578002e-01
7.6336699453e-01
-2.0314661394e-01
-2.2281173177e+00
-6.4949892793e-01
8.0179564212e-01
4.4751616246e-01
-7.7745574410e-02
6.4626958768e-01
-9.6063646108e-01
1.8842044022e+00
1.9363915862e+00
-6.1586804203e-01
-5.1374780528e-01
8.7753593366e-01
1.1010760440e+00
-6.8208911650e-01
4.7802133776e-01
1.6768900467e-01
1.5284964963e+00
1.2737039076e+00
1.1893325694e+00
3.4509548857e-01
-3.1311602067e-02
5.2545386111e-01
-1.3956519140e-01
-2.1628787699e+00
-7.5774129651e-02
-3.5771968869e-01
-2.7142308874e-01
-6.5622396692e-02
1.0974122883e-01
-8.7008104280e-01
-4.3684015647e-01
1.7147449756e+00
-7.4453800838e-02
1.4689158108e-01
1.1581127296e-01
2.0163411121e+00
-9.5656340776e-01
8.6112927334e-01
1.9491813466e+00
2.4287720529e+00
1.6499706527e+00
1.0040214692e+00
8.6981089574e-01
-8.4255550442e-01
2.4054054028e-01
1.3906803592e+00
-1.7176129822e-02
-6.5975475134e-01
2.2302759981e+00
2.5126813960e+00
-1.1514364249e+00
-4.4159918966e-01
-3.7880914179e-01
1.8629943915e-01
-8.4296618285e-01
-1.7992300073e+00
1.5423893793e+00
-5.7349901992e-01
4.6890891542e-01
6.6737109950e-01
-1.1961942039e+00
6.3645590016e-01
-1.7828742284e+00
-5.4097615134e-01
8.9241518527e-01
1.1555747720e+00
1.0891578894e+00
-5.3343527830e-01
8.2086106398e-01
-2.1381571681e-01
3.2096559566e-01
1.0089294088e-01
1.8602837613e+00
-4.5055576284e-01
-1.3545366316e+00
5.2830017993e-01
-1.9289227288e-01
-3.3855210656e-03
-1.8887447885e+00
-1.6103049118e+00
5.7474004640e-01
4.2945634884e-01
5.3825036202e-01
2.6895780478e-01
1.5010760084e+00
1.7649745620e-01
-2.1692721236e+00
1.5713031424e+00
7.3460230889e-01
-5.9163195786e-01
-2.1389498004e-01
-3.3844590262e-01
3.3333905644e-01
9.7460528363e-01
-1.8529583663e-01
-3.2721196000e-01
-2.8129392708e-01
-3.2849207735e-01
5.2112305081e-01
-1.0941745208e+00
2.4496076115e+00
-1.2315293717e+00
-1.0431095927e+00
4.2164491770e-03
-1.2318465608e+00
-5.2172841202e-01
-6.8106281497e-01
-3.7795965805e-01
-1.4438552611e-01
1.2930120754e+00
1.5626578750e+00
1.1939034398e+00
-6.0545883814e-01
5.0920800604e-01
7.7460800263e-01
-3.3975511431e-01
-9.1653190184e-02
-2.4853407214e-01
1.6892873483e-02
-1.1365352054e+00
-6.6678764961e-01
9.6403549396e-01
1.4036002058e+00
-4.5863227366e-01
1.1500263848e+00
1.2623645831e+00
-2.6829032185e-01
-4.0549184268e-01
-2.4269725559e-01
-2.3880368324e-01
3.7639714731e-01
-1.3868037698e+00
-6.0378205641e-01
-1.7166183206e+00
-1.2114667275e+00
-2.0625275271e+00
-4.7794842330e-02
5.8891994299e-01
-2.2083479211e-01
-9.4964964003e-01
-7.4634752010e-01
6.2198579303e-01
-2.6634276636e-01
1.8418547778e+00
3.9040702627e-01
-1.7742410764e+00
1.2633408233e+00
1.1927410580e+00
-2.1283545525e-03
8.6793070165e-01
1.2288590332e+00
-4.5037479131e-01
-4.8306713096e-02
-1.3181931966e+00
-1.8932891895e-01
-8.1604988565e-01
1.3845308071e+00
-1.0493942866e+00
2.7083516833e-01
-1.0849994578e+00
2.4627686300e-01
9.1731924093e-01
-5.7352429657e-01
8.4686444428e-01
9.7211903328e-01
-1.1733359414e+00
2.1299088249e-01
-1.4577325736e+00
-2.7512679933e-01
8.5621758728e-01
7.2238101566e-01
1.0103166299e+00
1.3119806958e+00
-6.5011765716e-01
2.4584541001e-01
4.8329838658e-01
-1.1271525655e+00
-1.0317756350e+00
3.4670087315e-01
-5.6889560169e-01
-1.1707253886e+00
-5.7899871353e-01
3.9403670823e-01
-1.4217705526e+00
-1.4544684621e+00
5.7239510766e-01
-1.2242699119e+00
2.5021973344e-01
5.2509983950e-01
4.7247666397e-01
1.0321773957e+00
8.8617566122e-01
2.9548656428e-01
-5.4925367906e-01
1.4183980261e+00
-1.6455205665e-01
-6.5914733879e-01
-8.5845792755e-01
-5.3807831965e-01
-1.0772162357e+00
1.0279083431e+00
2.0180630427e-01
3.8262537691e-01
1.4172049701e+00
-3.8433733453e-01
-6.6162068273e-01
1.0243742808e+00
9.0515956457e-01
-7.6168245070e-02
4.8197741472e-01
7.8866355051e-01
2.0696436551e+00
-3.6019666380e-01
-7.3295443581e-01
4.9731795616e-01
-1.3777434455e-01
4.7714607780e-01
-7.3009648586e-01
2.2764041423e+00
-1.2214070560e+00
3.6401058956e-01
9.5608095692e-01
-6.3595967521e-01
-5.3489677156e-01
3.4248114920e-01
-1.3651558253e+00
9.6982159926e-01
7.5800959849e-02
1.5039235836e+00
1.2491624328e+00
2.5941631720e-01
1.6751448873e-02
2.8773049400e-01
-8.1134507420e-02
4.4780062297e-01
1.2813149989e+00
-5.7030305929e-01
-1.8240914031e-02
-1.4955085160e-01
1.0487527618e+00
4.6235834145e-02
-3.2062680379e-01
-8.8452696484e-01
7.7845219989e-01
-5.8576183772e-01
-1.7486112040e+00
-4.6718778675e-01
5.4669900177e-01
9.2786717317e-02
1.2340918568e+00
9.8674972811e-01
6.8231763222e-01
2.6126830075e-01
2.0983445401e+00
8.7582978252e-01
4.5703509363e-01
-1.6747501794e+00
1.8405218508e+00
-2.0886103515e+00
1.9667090066e-02
-9.2624456838e-01
-1.2084221144e+00
7.7129912715e-01
1.0021421374e+00
-9.6044753467e-01
6.4608579558e-01
-8.2428123431e-01
-3.9294603183e-01
9.7235408126e-01
-1.0963818582e+00
9.8886412065e-01
-2.4593288823e+00
1.2834310841e+00
9.2192023010e-01
-2.7687632992e-01
3.4677627083e-01
-1.1208661488e+00
-2.0185305746e-01
6.3113946824e-01
-1.0056775393e-01
-2.8167221513e-01
1.3716760694e+00
-5.5161453592e-01
-8.3319150026e-01
-1.8251774564e+00
-3.4384880246e-01
4.5151944852e-01
-1.0196149879e+00
7.1437123826e-01
-2.5932252081e-01
-1.6093389683e+00
-8.5269119624e-01
-5.5784651224e-01
4.8025735715e-01
-9.8147146301e-01
-1.3006336803e+00
-9.3935300395e-01
6.3584710956e-03
5.9104632371e-03
1.3329335337e-02
-1.0591583878e+00
-5.1800799814e-01
4.9217830123e-01
1.2167661322e+00
8.3676912364e-01
-2.3292509147e-01
-3.4528352821e-01
-6.5719346650e-01
-1.6362484958e+00
-1.2119372370e-01
-3.9138271712e-01
8.4466913345e-01
-7.3103656245e-01
1.2729003366e+00
-5.8982347381e-02
-3.4568264624e-01
1.1672666030e+00
2.9597708101e-01
1.4358002116e+00
