1.2262315125e+00
-2.8869906429e-01
-8.9799429997e-01
-2.6768604104e-01
6.1632035214e-01
-9.8810053479e-02
-6.6551132776e-01
3.6705160187e-01
1.9769031634e-01
-5.1371010519e-02
-9.8313715672e-01
2.5523347124e-01
2.3013603310e-01
-2.4787735351e-01
-2.4538083633e-02
1.2753273032e-01
3.8313418956e-02
2.0639669553e+00
-6.5684333218e-01
-1.9622201718e-01
-1.7791789898e-01
-5.8253268187e-01
6.5157908932e-01
1.1639281397e+00
-5.2186609719e-01
7.0352151109e-01
2.5961889594e-01
-1.2492723552e+00
-2.6913026400e-03
-6.2022670351e-01
-9.4576223993e-01
-4.9764747286e-01
-1.7981485943e+00
1.0802040639e+00
1.6329424289e-01
-1.1902210115e+00
1.7371223934e+00
-4.7277572200e-01
-6.0462585057e-01
2.8711992149e-02
2.8494015880e-01
-4.2472893715e-01
-2.6920571444e-01
-2.5192307758e-01
-5.8641027907e-01
-5.1971781670e-01
-1.3609744572e-01
-1.9705790505e-01
9.5854046637e-01
-1.7889257485e+00
-7.4664161028e-03
4.0266202485e-01
1.3369612678e-01
-8.1762573310e-01
1.9699699605e+00
1.9298784707e-01
9.0154338958e-01
1.6745750339e-01
-4.7281872169e-01
-6.6025687479e-01
-3.0338724607e-01
1.0720391522e+00
-1.1981564387e+00
1.2490321774e-01
6.8495987361e-01
1.4944461764e+00
-7.0788367142e-01
7.6353264438e-01
3.7830472222e-01
