-1.4841006916e-01
-6.5727454301e-02
8.4709831313e-01
-8.2427465294e-02
4.6027298226e-01
7.3358686089e-01
1.5437104117e-01
-3.7312437454e-01
-1.1697556905e-01
-8.5026943892e-01
3.3437291295e-01
3.8644658286e-02
-5.2382985394e-01
-5.5068421425e-01
-1.4816667195e+00
1.4554662881e-01
-1.1650281870e+00
7.2536108810e-01
1.3206634100e-01
5.7940226982e-01
4.9039501460e-01
1.3147835720e-01
4.9314716007e-01
3.0435445471e-01
-2.0563699481e-02
-3.1898024138e-01
-7.1149273769e-01
4.0791558224e-01
-5.5508314571e-01
-4.1229035675e-01
-4.2918497397e-01
8.2822499270e-01
-1.0878460049e-01
-4.5182546883e-01
-2.8567053761e-01
4.5827518142e-01
1.7988038333e-01
-2.4483640513e-01
-9.7176961799e-02
-1.9182050103e-01
-1.4134026760e-02
-3.0319389933e-03
4.2665032812e-01
4.3742042240e-01
1.5884345323e+00
-2.4359673543e-01
-1.0031013649e-01
3.0846716366e-01
-4.8376634922e-01
-1.2482390454e+00
8.2695748022e-01
5.5098454676e-01
8.4160534097e-01
-1.6855007475e-01
-1.8965634166e-01
2.2388590527e-01
-2.9061860753e-01
1.1890099148e-02
-1.0399915282e-01
-1.6712475792e+00
4.1366007310e-03
3.5707916204e-02
3.4604794940e-01
-5.6205537593e-02
8.0545606957e-02
1.0427588373e+00
-8.1281234402e-01
2.6130013919e-01
-7.1495928806e-01
