-1.0010141020e+01
-8.5489912201e+00
-9.0284410950e+00
-9.5009191935e+00
-8.9945182089e+00
-8.4724010144e+00
-9.2506693383e+00
-9.0396253199e+00
-9.3721155611e+00
-8.5328071066e+00
-8.9405758332e+00
-9.7433706736e+00
-9.6537733878e+00
-9.0802311097e+00
-8.8463353122e+00
-9.5150401084e+00
-8.9186469393e+00
-1.0094616092e+01
-9.3232714471e+00
-8.9256546240e+00
-9.1833185926e+00
-8.8293788965e+00
-9.3707007636e+00
-9.3435912373e+00
-9.2432767947e+00
-8.9939288181e+00
-9.7596857751e+00
-9.2771660388e+00
-8.8014584883e+00
-9.1304299584e+00
-8.7906479939e+00
-8.9974637298e+00
-5.4130044802e+00
-5.4534227238e+00
-4.7110527919e+00
-5.5822812506e+00
-5.1006105071e+00
-5.4248831635e+00
-3.7958200522e+00
-5.1534053649e+00
-4.2689311329e+00
-5.5247818077e+00
-4.9547619734e+00
-5.1041803568e+00
-3.9663930112e+00
-3.9393972735e+00
-4.5901060024e+00
-5.7235229150e+00
-5.4665457582e+00
-4.3477122562e+00
-5.1614270683e+00
-9.6071140307e+00
-9.9845312796e+00
-9.2113980067e+00
-9.0793088120e+00
-9.1487310518e+00
-8.7456408658e+00
-9.5050087718e+00
-9.0401757993e+00
-8.8120690668e+00
-6.8969951127e+00
-6.4798194293e+00
-4.8503042082e+00
-4.8221362436e+00
-4.1459989972e+00
-5.1635213824e+00
-4.3656082828e+00
-4.2350259834e+00
-4.9106339680e+00
-5.3175048216e+00
-5.2616144321e+00
-4.1192994955e+00
-4.5526301533e+00
-3.9143433233e+00
-4.2615078211e+00
-5.4181909517e+00
-4.3657249851e+00
-4.3973375088e+00
-4.4620857100e+00
-5.3701866373e+00
-5.7912866257e+00
-7.5573273353e+00
-8.2061689306e+00
-8.9170778064e+00
-9.8939120905e+00
-8.7611558834e+00
-1.0174807812e+01
-5.1704755215e+00
-5.0763880345e+00
-5.0826566821e+00
-3.9528564665e+00
-4.4263033320e+00
-4.0196035968e+00
-3.3578361142e+00
-3.6298396855e+00
-4.5806805693e+00
-4.1518343929e+00
-3.6915583218e+00
-4.4955611818e+00
-3.6854080647e+00
-4.6349601963e+00
-4.2224940617e+00
-3.6857684991e+00
-4.0929417826e+00
-5.2748316287e+00
-4.8733149171e+00
-3.2942048246e+00
-4.1962369522e+00
-5.5083366443e+00
-5.1468946987e+00
-9.6973273811e+00
-9.7123222343e+00
-9.1087401962e+00
-8.8532294702e+00
-6.2334216479e+00
-5.4799061756e+00
-4.1640250020e+00
-4.4922133221e+00
-3.0230386927e+00
-3.6740876112e+00
-2.6752212561e+00
-2.8500163571e+00
-2.9476879961e+00
-3.5099039917e+00
-3.1845726874e+00
-2.9095842002e+00
-2.7241123325e+00
-2.2357499251e+00
-2.5036300815e+00
-3.4931000195e+00
-3.1963244713e+00
-3.0449329531e+00
-4.3674557717e+00
-4.4843808927e+00
-3.9731960931e+00
-3.3361403297e+00
-3.9841393647e+00
-4.0358382037e+00
-5.5622283166e+00
-5.5383599221e+00
-9.1322129734e+00
-9.1697954215e+00
-5.1970795206e+00
-4.8065397872e+00
-3.9925380413e+00
-3.4234344863e+00
-2.8190142326e+00
-3.2648863221e+00
-3.2338896565e+00
-2.9375747755e+00
-2.4815511585e+00
-1.6640222239e+00
-1.2078898304e+00
-1.3758678341e+00
-1.3902368145e+00
-2.2905047894e-01
-1.5128113800e+00
-2.1338159222e+00
-1.7791007512e+00
-2.2868627747e+00
-2.8225857382e+00
-2.4862580101e+00
-2.3456419427e+00
-4.3467868122e+00
-4.4164062922e+00
-4.6689960320e+00
-4.5356223274e+00
-6.7271696554e+00
-9.6407406438e+00
-7.1470589805e+00
-5.1175280676e+00
-4.2710282888e+00
-3.7608336642e+00
-3.1902134436e+00
-2.8776618779e+00
-2.5549394188e+00
-2.0001912330e+00
-2.4703939673e+00
-1.3036868644e+00
-1.2996207252e+00
-5.9403325602e-01
-8.4625998645e-01
2.9572516147e-01
2.4530705060e-02
3.5402397615e-02
-2.3356236422e-01
-7.0903288146e-01
-1.1860479475e+00
-1.5981092496e+00
-2.6096647091e+00
-2.1414908012e+00
-3.5849809258e+00
-3.8482038664e+00
-3.9432344900e+00
-4.5947738856e+00
-5.1025098337e+00
-6.0923764702e+00
-4.8203440877e+00
-4.2970393280e+00
-4.5577621569e+00
-3.0429624076e+00
-2.4736837639e+00
-2.5694392960e+00
-2.1251267931e+00
-1.7595537681e+00
-8.9553859116e-01
-6.4012852836e-01
-2.0404830925e-01
-6.4484208103e-01
-4.2139477268e-01
6.6366250560e-01
2.3304413639e-01
-4.3829695049e-01
-9.7307220603e-02
-8.7637516567e-01
-8.9035659249e-01
-1.1446060771e+00
-1.3692734492e+00
-1.7034424712e+00
-2.9798577274e+00
-3.8872990739e+00
-4.4264999293e+00
-3.9624230466e+00
-5.3434971029e+00
-5.9206893710e+00
-4.4997542842e+00
-5.3565993045e+00
-3.9321785358e+00
-3.1430285701e+00
-3.4473582620e+00
-2.3684137478e+00
-1.9086125406e+00
-8.4728298654e-01
-3.1020127875e-01
-3.8674802223e-01
-2.1303754364e-01
-8.3211529225e-01
-6.7920603875e-01
-1.7175974405e-02
2.6056826873e-01
-1.0802911859e+00
-3.3010100376e-01
-3.5726624827e-01
1.8313906426e-01
-9.7930739182e-01
-1.3236121273e+00
-2.2557332409e+00
-3.1300657311e+00
-3.4076466301e+00
-4.7745628073e+00
-3.8504950393e+00
-4.7011510794e+00
-6.1168213912e+00
-5.3685325922e+00
-4.5389066377e+00
-4.9119580306e+00
-3.0779686561e+00
-3.3837539138e+00
-2.1808685833e+00
-2.0105406430e+00
-1.6127195753e+00
-6.3206750519e-01
-1.3870231743e+00
-9.8408819145e-01
-6.6806637813e-01
-8.6844014272e-01
-5.6217544717e-01
-2.5774539758e-01
-1.2916314331e+00
-8.1414203971e-01
4.6377330064e-01
-2.5166171519e-01
-1.0626212976e+00
-1.3146490056e+00
-2.0053225957e+00
-3.2096192877e+00
-3.4022643009e+00
-3.7845652043e+00
-4.3655145138e+00
-5.2275458542e+00
-8.0196946872e+00
-5.9466594358e+00
-4.3757608122e+00
-4.8720189818e+00
-3.3926133280e+00
-2.9118047598e+00
-2.4223304516e+00
-1.9229795001e+00
-9.9556365444e-01
-7.3579144907e-01
-1.0174821888e+00
-1.1291197606e+00
-4.8282112925e-01
-9.3841847429e-01
-7.6458571143e-01
-8.9106114074e-01
-1.1193600028e+00
-5.3532850145e-01
-6.7469550837e-01
-1.6227815222e-01
-9.6672544056e-01
-1.9057017643e+00
-1.9577881199e+00
-3.2418976629e+00
-3.0055736023e+00
-4.0932653700e+00
-5.3275698734e+00
-4.4956180160e+00
-5.4881286111e+00
-4.5103404788e+00
-5.7415545107e+00
-4.5085186699e+00
-3.3515542279e+00
-3.1436555107e+00
-2.8314376322e+00
-1.1589105263e+00
-1.2333419980e+00
-3.1295619333e-01
-3.3202189940e-01
-2.8094120380e-01
-1.0010648578e+00
-9.5594257523e-01
-1.5502557319e+00
-1.6600253829e+00
-6.1616989465e-01
-4.1492259114e-01
-1.3877722246e-01
-6.3671501552e-01
-1.3451357184e+00
-1.5241177317e+00
-2.1679767318e+00
-2.4471686648e+00
-3.2340039824e+00
-4.7663506210e+00
-4.7774884934e+00
-6.0477582220e+00
-4.3792240283e+00
-6.2865019994e+00
-5.3025172459e+00
-3.3365108427e+00
-3.6788808987e+00
-2.8009923402e+00
-2.1196504077e+00
-1.2759694507e+00
-1.3973058141e+00
-3.8339286747e-01
-6.0534463610e-01
-7.5258147678e-01
-5.4317309470e-01
-5.8489136022e-01
-8.1992213225e-01
2.5209843616e-01
-4.6079683285e-01
-3.0387471150e-01
6.5847978403e-02
-8.9734706130e-01
-1.2758031122e+00
-1.7407842764e+00
-1.9545366653e+00
-2.6219945634e+00
-3.4814653623e+00
-3.5666090955e+00
-4.1433925714e+00
-5.0432170565e+00
-9.7669548004e+00
-5.7285331727e+00
-4.8582879230e+00
-3.9070372826e+00
-3.9266107007e+00
-3.1857282039e+00
-2.3585280148e+00
-1.0972863454e+00
-4.3046070163e-01
-4.7398881483e-01
-1.0773267824e+00
-9.8816921915e-01
-7.8116028826e-01
-4.5518343612e-01
-1.8777674167e-01
4.9247251387e-02
1.2765556856e-03
2.0572064031e-01
-2.3383085661e-01
-7.9696480221e-01
-9.5914021909e-01
-2.0926879328e+00
-1.7952124997e+00
-2.9594266327e+00
-3.6052374214e+00
-3.7240337982e+00
-4.2299493071e+00
-5.5094886653e+00
-9.0936181933e+00
-6.6294486311e+00
-4.9309657321e+00
-4.1202630267e+00
-4.5124479588e+00
-2.4879006766e+00
-2.2301755147e+00
-1.4855701136e+00
-1.1268753962e+00
-5.8384233051e-01
-1.0924763360e+00
-1.1744762513e+00
-1.1094798263e+00
-7.0371918872e-01
-5.8345638139e-01
-1.9059904349e-01
1.3074456396e-01
6.3214145418e-02
-8.3331686658e-01
-1.1954249127e+00
-1.3234571533e+00
-1.5610200324e+00
-2.1341656370e+00
-2.8216792924e+00
-3.5386707958e+00
-4.4553751882e+00
-4.8681186137e+00
-6.7066516183e+00
-6.6671984939e+00
-9.8466865328e+00
-5.5831563983e+00
-4.5392189840e+00
-3.6983354634e+00
-2.1943259675e+00
-1.9079001585e+00
-9.2446130664e-01
-3.5243387793e-01
-9.4971725906e-01
-9.3975253453e-01
-5.8726669272e-01
-2.3690708817e-01
-2.2179182287e-01
-5.9441615729e-01
-3.2613364237e-01
-1.5726697974e-01
-4.5417947643e-01
-4.3387398045e-01
-1.4761584590e+00
-1.2570468876e+00
-1.0771897133e+00
-1.6025944210e+00
-2.3846305533e+00
-3.0005885960e+00
-4.7616411864e+00
-4.5160450487e+00
-5.2618618665e+00
-6.0385874530e+00
-4.7843944267e+00
-5.1171143024e+00
-3.7402410832e+00
-3.8634069098e+00
-2.5189328491e+00
-1.7136274123e+00
-1.2704650233e+00
-9.8237047702e-01
-1.2290933535e+00
-1.0861344439e+00
-5.8805178423e-01
-2.5687731593e-01
-9.6912072345e-01
-1.7456344451e-01
-5.2676489928e-01
-1.8730649776e-01
-1.3868879215e-01
-1.8586854221e-01
-1.0170267749e+00
-1.2735866070e+00
-2.3022302955e+00
-2.3013510831e+00
-2.6210038894e+00
-3.8909690565e+00
-4.1500011102e+00
-4.3511035456e+00
-4.9303939310e+00
-9.2634922231e+00
-5.4253614086e+00
-4.7630495935e+00
-4.9854470688e+00
-3.7752888042e+00
-2.7230745952e+00
-1.4695260149e+00
-4.3050297117e-01
-1.4238944914e+00
-1.2948324908e+00
-8.6372878371e-01
-6.2735844457e-01
-8.4448250122e-01
-6.5396598547e-01
-2.4008193397e-01
2.3307159589e-02
-4.3823991908e-01
-1.6354102636e-01
-1.2044207448e+00
-1.3880750925e+00
-1.0439417838e+00
-1.3616493226e+00
-1.8669430394e+00
-1.9036808674e+00
-2.9315392274e+00
-4.1705143588e+00
-4.9083338737e+00
-5.4277432890e+00
-6.2940520056e+00
-7.3946458276e+00
-4.1560413258e+00
-4.1757235097e+00
-2.8899405927e+00
-2.3351875979e+00
-2.4519949545e+00
-1.0626601037e+00
-9.3904943281e-01
-5.6749623870e-01
-8.7860859203e-01
-9.0041979238e-01
-7.6749928669e-01
-6.2911134952e-01
-9.0249481480e-01
-5.9890186890e-01
-2.4964735742e-01
1.3438664986e-02
-2.6750929907e-01
-5.2031854226e-01
-1.1226949932e+00
-1.7167124047e+00
-1.6515899195e+00
-2.7160480049e+00
-3.4461889765e+00
-4.0450153071e+00
-4.6169949426e+00
-5.4150449366e+00
-8.9976388567e+00
-5.1401100737e+00
-4.8982606209e+00
-3.9296935949e+00
-3.1263728640e+00
-2.6552116160e+00
-2.3567592036e+00
-5.9549017445e-01
-5.9686743196e-01
-8.8125361513e-01
-7.5197569453e-01
-1.0113485447e+00
2.2400364475e-01
-1.0032027253e+00
-4.2053787413e-01
-1.0096221810e+00
-2.7165924637e-01
-5.5700863007e-01
-4.7951415594e-01
-1.3067749651e+00
-1.3863762316e+00
-2.0997143435e+00
-2.1930510894e+00
-2.8843953160e+00
-3.4885658240e+00
-4.9369293227e+00
-5.0698507489e+00
-6.0637570320e+00
-9.3085060223e+00
-5.0200463862e+00
-3.8664939583e+00
-3.7176755352e+00
-2.3361035923e+00
-2.4663374035e+00
-2.1158124619e+00
-1.1695416691e+00
3.1403574945e-01
-5.6187128019e-01
-1.1188109185e+00
-2.5563913422e-01
-4.8912527257e-01
-1.4730707957e-01
-3.5918671589e-01
-5.6995855316e-01
4.4543238875e-02
-6.3833076890e-01
-1.0072775366e+00
-1.3383611725e+00
-1.4058809475e+00
-1.2318300701e+00
-1.9501861645e+00
-3.1090730079e+00
-4.1934207724e+00
-4.2859757704e+00
-5.9664249802e+00
-9.0135463131e+00
-9.2173269974e+00
-5.6090618532e+00
-4.9031973782e+00
-3.6139555353e+00
-2.9008099439e+00
-2.5254707511e+00
-2.5077102823e+00
-6.5656924711e-01
-7.2846398024e-01
-5.1777081790e-01
-5.9303617317e-01
-1.9836034592e-01
-3.8888956589e-01
-3.2616523903e-01
-1.3610294923e-01
-6.1709906740e-01
2.1032303654e-01
-8.2859088821e-01
-1.3954181043e+00
-1.8879668747e+00
-1.6393949280e+00
-2.0641033614e+00
-2.7667995243e+00
-2.5566047642e+00
-3.9228122471e+00
-3.9722758313e+00
-4.7373497469e+00
-8.8267430842e+00
-8.8053304026e+00
-6.0685241008e+00
-4.6915749891e+00
-4.1444567386e+00
-3.4605693503e+00
-3.1145707935e+00
-2.6173576309e+00
-1.8827880933e+00
-1.0665635520e+00
-1.1383408126e+00
-7.1708063504e-01
-8.3131607434e-01
6.1137711154e-02
-2.7827545894e-01
-2.5810667059e-01
-1.0238840593e+00
-8.5353830655e-01
-2.2571123327e+00
-1.9296178579e+00
-2.1364980922e+00
-1.9302325034e+00
-2.5271663169e+00
-3.3037521710e+00
-3.1291202835e+00
-3.9087029742e+00
-4.3147362554e+00
-5.2624280270e+00
-9.2476279214e+00
-9.3610647079e+00
-8.7070965072e+00
-4.8256151600e+00
-5.1935714342e+00
-4.2448602521e+00
-3.3565118627e+00
-3.5141455253e+00
-2.5337512111e+00
-1.7630486654e+00
-2.2394900821e+00
-1.5657366773e+00
-1.1705878519e+00
-7.6856718281e-01
-1.9661570634e+00
-1.5603351449e+00
-2.2369797935e+00
-1.9828938994e+00
-1.6962479153e+00
-2.6465466914e+00
-2.4168183595e+00
-3.4152235838e+00
-2.9272297848e+00
-3.4657803266e+00
-2.7844663088e+00
-4.4078836549e+00
-4.2498515975e+00
-6.2567637899e+00
-9.0167470120e+00
-9.2438755517e+00
-1.0000296380e+01
-4.9090471483e+00
-5.0701907327e+00
-4.1082640208e+00
-3.8212937054e+00
-3.3257119975e+00
-3.3559651484e+00
-3.4662769800e+00
-2.7779351978e+00
-2.0672754372e+00
-2.1512919243e+00
-2.7658334732e+00
-2.8229374675e+00
-3.1218442309e+00
-3.1151603564e+00
-2.7859653308e+00
-2.7780536148e+00
-3.0774837871e+00
-3.4127581877e+00
-4.2580101326e+00
-4.0612915647e+00
-3.6893301362e+00
-3.1152144729e+00
-4.5005424013e+00
-4.7534217655e+00
-9.2133249863e+00
-1.0054973717e+01
-8.7484913832e+00
-9.1772821649e+00
-6.0157690375e+00
-9.2350296162e+00
-4.0932408624e+00
-4.0968975235e+00
-4.5644225245e+00
-4.3229373413e+00
-4.9207272738e+00
-4.1088298574e+00
-4.0442418032e+00
-3.8929709382e+00
-3.4012349181e+00
-3.4562027141e+00
-4.6456319877e+00
-3.6585013382e+00
-3.1105542645e+00
-3.7365385373e+00
-4.4703892512e+00
-4.8378101259e+00
-4.4908225954e+00
-4.3886766389e+00
-3.7191869322e+00
-4.8921562763e+00
-5.0028837438e+00
-5.0312899941e+00
-1.0266151496e+01
-8.2625869426e+00
-8.6733660225e+00
-9.8482043023e+00
-8.7236524213e+00
-1.0033036540e+01
-4.8420322912e+00
-4.6579544774e+00
-5.3612378831e+00
-5.0774036393e+00
-4.5583217080e+00
-4.9799156130e+00
-4.2541911260e+00
-4.5510325832e+00
-4.8625244675e+00
-4.6940940082e+00
-4.9875052296e+00
-4.6807878525e+00
-4.5024565220e+00
-4.8220405887e+00
-5.0637093178e+00
-5.0900561149e+00
-4.1234079205e+00
-5.0099107789e+00
-4.7025323826e+00
-4.4379069821e+00
-9.3336457780e+00
-8.9828899101e+00
-1.0318838582e+01
-9.1132625849e+00
-8.8363027874e+00
-9.1505816970e+00
-9.8137168014e+00
-8.6312657325e+00
-9.8306367781e+00
-8.7127564009e+00
-5.5829085424e+00
-5.1781659300e+00
-5.8601238209e+00
-4.1396613926e+00
-5.1541780607e+00
-5.1117806851e+00
-4.8837061250e+00
-4.7008471350e+00
-4.3320766595e+00
-4.6865351350e+00
-5.1689620193e+00
-4.8971448610e+00
-5.3181066593e+00
-5.0113237832e+00
-5.0876548019e+00
-5.1195014379e+00
-9.0170169542e+00
-9.1412891802e+00
-9.0179455420e+00
-9.4784471370e+00
-9.5671595173e+00
-8.8150295562e+00
