-1.3959922667e+00
-1.0571827977e+00
-6.1932432428e-01
-4.6921808777e-01
1.1736266624e+00
-1.2300544742e-01
1.3376895454e-01
-1.0951170836e-01
5.4359577851e-01
5.6387459299e-01
-1.7646105743e-01
1.2725046590e+00
-2.5327241009e+00
-4.9347836151e-01
-1.9169901287e-01
1.1948588248e+00
-9.7683768321e-01
4.3725673505e-01
2.7193929982e-01
-2.1035487052e-02
7.2273511948e-01
-7.4596725808e-01
1.0962395913e-01
-6.4569038418e-01
7.4878151652e-02
-3.9161384578e-01
-7.8861366533e-01
-7.7036245122e-01
2.8612067891e-01
3.9705698670e-01
-1.0150741755e+00
1.5231989619e-01
6.5262127117e-02
-1.3452375642e-01
4.5666276279e-01
-6.7798320179e-01
-1.5557637097e-01
7.1988205550e-01
1.3556217583e-01
6.0765511804e-01
1.1425967912e+00
-9.0139856722e-01
3.9482083707e-01
1.2497148211e-01
-1.7433530849e+00
1.1430814380e+00
-1.6869584826e-01
-1.1835226907e+00
-3.7664719108e-01
-7.5732894328e-01
-4.0125978413e-01
7.4846969627e-01
1.2817804504e+00
1.8347314258e-01
-5.4636104031e-01
-2.4960935023e-01
-8.0827458295e-01
8.9578257500e-01
-9.9187065333e-02
2.5511720628e-01
1.2279340267e-01
5.9168051156e-01
-3.7827076673e-01
-1.7958838604e+00
8.5461888813e-01
-3.0147520573e-01
2.7536704668e-01
-6.0558923322e-01
-6.1005170539e-01
