-3.5429176692e-01
9.0547766654e-01
1.6026597828e+00
1.9818780325e+00
1.2398797040e+00
-1.6901840136e+00
2.3725882693e+00
1.0166173359e+00
1.5769923861e+00
7.0639080438e-01
8.9232614683e-01
2.9721352229e-01
9.7671944826e-01
7.8195616337e-01
2.7289849547e+00
6.3115267299e-01
1.2327159891e+00
1.6145935112e+00
1.1097057855e+00
1.6119531400e+00
1.7825912060e+00
9.7894918151e-01
5.0071516223e-01
1.0733128558e-01
2.2423413619e+00
-1.8667202961e+00
-6.7461663085e-01
5.4216602882e-01
2.3185055266e+00
1.2682721740e+00
1.1256166616e+00
1.1254266466e+00
1.6101239879e+00
4.8936870991e-01
1.2076918544e+00
7.4048999895e-01
8.4586893525e-01
5.1741752065e-01
-2.2416776144e+00
-7.5326353386e-01
6.9752042840e-01
8.6067633596e-01
1.0805559245e+00
9.1028273395e-01
-7.3434152664e-01
2.2287123426e+00
-7.5806536473e-01
3.0721510620e-01
1.3922830827e+00
1.4179085458e+00
-7.1239355408e-01
4.1044122075e-01
-2.6093853197e+00
-1.3579187585e+00
-7.0535159520e-02
5.5000126732e-01
1.5870251465e+00
1.7889203062e+00
1.3480391382e+00
1.3733953893e+00
1.1723597364e+00
8.7411382470e-01
1.3274029345e+00
4.3581238144e-01
1.3638031666e+00
2.7866133573e-01
1.0972993795e+00
2.6513857425e+00
1.4090575789e+00
7.4327299142e-01
1.3663987039e+00
2.1160155251e+00
1.0807028842e+00
1.2721447148e+00
-3.0849792346e-01
-2.4009591920e+00
1.3693096318e+00
-1.6835569391e+00
1.0135866682e+00
9.4150083082e-01
8.9568955908e-01
1.7507346918e+00
-1.7508000415e+00
-1.1304863756e+00
1.0400660533e+00
-1.6300123553e+00
1.5697917534e+00
1.9017703190e+00
6.4535859473e-02
9.7831124968e-01
7.1039519442e-01
1.6661919469e+00
1.6797059502e+00
1.1342643545e+00
2.9746566456e-01
1.3274232561e+00
1.2051154801e+00
4.0236642236e-01
1.0376039931e+00
2.0138668610e-01
1.1224359632e+00
1.4791564789e+00
-1.2187555627e+00
1.6399485168e+00
3.3300938762e-01
7.2513726999e-01
-3.2166162796e-01
8.2663781182e-01
1.0853319680e+00
-9.4017223493e-01
6.1567156544e-01
-1.6040302412e+00
1.3940840329e+00
1.2863677726e+00
6.6717147366e-01
1.5671649479e+00
1.7340049438e+00
1.8810525726e-01
-5.0918075160e-01
9.6876017450e-01
1.0061289048e+00
-1.1290153920e+00
9.8352742305e-01
-3.4765438030e-01
1.7007772958e+00
6.8573978969e-01
-9.3268965678e-01
1.1541824384e+00
-2.0270882725e+00
-6.4782695427e-01
8.8245835589e-01
1.1604523606e+00
6.8867960061e-01
1.8192499011e+00
2.1979000432e+00
1.9478612022e+00
1.2296759717e+00
1.5143704219e+00
2.1907996780e+00
7.8004627795e-01
2.4072924259e+00
-1.9822714053e-01
1.1348921346e+00
-1.5476029010e+00
8.7950829728e-01
2.0694773835e+00
-1.4886206556e-01
-2.1439168635e+00
1.5293360006e+00
1.5285200861e+00
-7.7346624847e-01
8.9163327912e-01
1.2591033553e-01
-1.4334928457e+00
3.0660739207e-01
-5.7725664493e-01
-1.9166465150e+00
1.1528133153e+00
1.1825175686e+00
1.6547953308e+00
4.0405488337e-01
2.2235983350e+00
1.8666979328e+00
1.5341159973e+00
-1.8817502779e+00
2.1128719334e+00
2.4201025074e+00
1.1091873123e+00
-2.6223580874e+00
