-1.7772317575e-01
1.7648191618e-01
-4.0127328204e-01
-1.6164470336e+00
-2.0859576527e+00
-1.8268423553e-02
-1.0070883401e+00
-1.7155282645e+00
-1.5267917416e+00
-5.7517817468e-01
-1.6927603661e+00
-4.7369620805e-01
4.6348068507e-01
-2.0477553090e+00
8.4240372605e-01
-1.1501854108e-01
-1.5343036855e+00
-3.3807673872e-01
-1.2072393864e+00
-7.2760828247e-01
3.1615540775e-01
-6.7434567153e-01
-4.9737131683e-01
1.7521617026e+00
-8.2558908374e-01
-8.0095289606e-01
3.8177963044e-01
-6.5411722028e-01
-5.1092602621e-01
-7.7169213245e-01
-8.5087793861e-02
-4.3513771953e-01
-1.8514454161e-01
1.4888345730e+00
4.1252752508e-02
1.1811526082e+00
7.3039812350e-02
-3.8629701625e-01
5.9859119627e-01
-1.7608465053e+00
1.5679984486e+00
5.9679189906e-01
1.1114366995e+00
1.0337821282e-01
3.8956695390e-01
-1.2638580129e+00
-2.4018727414e-01
-1.2053227439e+00
1.1856095545e-01
-7.5106770684e-01
1.0892054551e+00
-8.2802739864e-01
4.3083935606e-01
-1.2816476105e+00
-7.8012288078e-01
-9.9679840854e-01
2.1239215288e+00
-1.8609302465e-01
4.4015675216e-01
9.1233007176e-01
-6.2337169916e-01
-1.5644384022e+00
8.6543382649e-01
9.0336606008e-01
-1.2925393832e+00
-1.1759616885e-01
-7.0036963201e-01
7.0555279180e-01
2.8412382177e-01
-2.0325063105e+00
-1.7561321229e+00
4.7924294957e-02
2.2131061397e-01
1.0287842444e-01
1.4932511558e-02
-9.2244933495e-01
-9.1220752564e-01
7.9032291056e-01
-1.6332247691e-01
9.8363792492e-01
1.4440696396e+00
-1.2169814648e+00
1.2099203547e+00
8.1879606744e-01
-4.9238589326e-01
-2.6294752942e+00
-1.4677779744e-01
-6.2030505317e-01
7.2620358758e-01
-1.7244816583e-01
4.5736826540e-01
2.4082205261e+00
5.0459514597e-01
1.5053565596e+00
-3.7507783609e-01
6.6754758344e-01
-1.4467379989e-01
-1.8814879079e+00
-1.1524911855e+00
-1.1333562567e-02
-6.2796260530e-01
4.2846104539e-01
-1.8282812176e+00
-3.0100779311e-01
-3.6101505526e-01
2.3139196883e+00
-3.2154553730e-01
5.3353519436e-01
1.2628135872e+00
-7.0125374378e-01
-1.1193876577e-01
-7.6487949191e-02
5.3402810082e-01
2.3404231351e-01
-1.7336414240e+00
5.5632728352e-02
-7.2917984361e-01
5.6839069650e-01
1.5344849879e-01
1.3533948926e-01
1.0741832508e+00
7.2470296312e-01
-2.1166103328e+00
7.9732495334e-01
8.4270804610e-02
1.2264099424e+00
1.3385400431e+00
-3.4154786231e-01
-1.1207648876e+00
-2.3083633136e+00
-1.1958902240e+00
-4.3386111434e-01
6.2289915648e-01
9.3838603967e-01
-1.3990835046e+00
1.7866682474e-01
4.1410471674e-02
-2.4317030374e+00
3.5735020502e-01
-1.5924581116e+00
1.5242293791e-01
-5.1138210029e-01
-1.7148936772e-01
-6.9593211069e-01
-7.8176528866e-02
5.6000882524e-01
2.7103468849e+00
-8.0038475607e-01
1.9008811883e-01
-7.7350012274e-01
-2.3165443128e-01
7.8796448402e-01
-8.3041640757e-01
1.8813386928e-01
1.5129320252e-01
4.6327929291e-01
-4.1275998494e-01
3.6658746275e-01
4.1452686217e-02
-5.0698135156e-02
-4.7579487879e-01
-1.1582789521e+00
-6.7411690023e-01
1.3388916041e+00
2.6523248868e-02
5.8754692348e-01
1.0153360445e-01
-5.7380606501e-01
1.0026584662e+00
-5.8338594108e-01
-3.0310298207e-01
-1.0389440409e+00
1.2948833091e+00
7.4844700250e-01
6.4445067309e-01
-6.0985212089e-01
-2.4540605807e-01
1.2185792732e+00
9.6165247633e-01
2.8892590377e-01
-2.7655126048e-01
5.0421514055e-01
1.0772774145e-01
-1.4972930985e+00
-1.4175802832e+00
-8.1766977189e-01
-6.3021449681e-01
-8.8369411990e-01
5.3953953004e-01
8.5242663053e-01
-7.8668301201e-01
-1.8894534510e+00
1.2504121666e+00
-1.2598562929e+00
7.8090018376e-01
-9.7176526339e-01
-1.1225922681e+00
-1.0469694931e+00
-5.7901846652e-01
-1.8007416288e+00
6.1241380231e-01
-7.5644285443e-01
6.8614782287e-01
-1.0865741625e+00
-1.1017232229e+00
1.1045105829e+00
8.5662426444e-01
-5.2729646625e-01
-3.0551262681e-01
-2.6819239437e-01
-2.5177532267e-01
4.3938633670e-02
4.2055616094e-01
1.2604417441e+00
2.2380479386e-01
8.8455944250e-01
2.4587616460e-01
-1.0241108346e-01
6.2662530310e-01
3.8714304263e-01
-1.6635962535e+00
4.8044787951e-01
-4.4130466088e-02
-9.3674881689e-01
-7.6355216747e-01
5.1618776604e-01
-5.1517145451e-02
4.6324905972e-01
-2.2224474728e-01
4.5730394203e-01
6.4227616030e-01
-1.2827207413e+00
-2.0277185185e+00
3.2795471227e-01
4.6288969124e-02
-1.3357610091e+00
-2.0988779293e-01
4.5602803918e-01
-5.1933676608e-01
2.0769146080e+00
2.0987776428e+00
1.5017347412e+00
9.0680959768e-01
1.0056061108e+00
-1.4797857659e+00
-1.1517556470e+00
-5.5937814844e-01
5.4636849834e-01
1.3412495396e-01
-6.8639684573e-02
-1.0285695443e+00
-4.6089595775e-01
1.2700925839e+00
1.0063709071e-01
2.4225396063e-01
-1.0325049001e+00
1.3450551800e+00
1.4151420968e-01
8.6475189827e-01
-3.6634915203e-01
2.3396459072e-01
-1.4587545864e+00
-1.3773319372e+00
-2.8492523027e-01
-1.2254331272e-01
4.6483446308e-01
1.4518964997e+00
1.8595769677e+00
-1.2094662884e+00
2.7693996366e-01
-6.3063715165e-01
-9.8789158845e-01
-7.8170405064e-02
3.2060787888e-01
-1.1491792498e+00
3.0917259156e-01
4.3941566465e-01
-1.0517776294e+00
-4.4663766670e-01
-1.4777537425e+00
-3.1350587173e-01
8.9094976074e-01
-2.4820572477e-01
4.8625337701e-01
-1.0882973583e-01
-1.9560720032e-01
-1.1207291242e+00
5.9339869420e-01
7.4760199840e-01
1.0435664698e-01
-1.2306172066e-01
6.5529387441e-01
-7.3648789651e-01
-1.3527424390e+00
-1.6851388202e-01
-1.3072879498e+00
-1.1221218259e+00
1.4460943151e+00
-2.6550589243e+00
5.8593204400e-02
3.8626949709e-01
-7.5987180422e-01
1.3737552477e+00
9.6892222729e-02
-5.2255510743e-01
-3.8282596140e-01
-1.7145127455e+00
8.0121025815e-01
4.5292846863e-01
-8.3503244443e-01
1.4524065241e+00
9.9249624940e-02
-4.5353995518e-01
7.2761864066e-01
1.8533526517e+00
6.1952493451e-01
2.1577113961e-02
1.1315749082e+00
1.0210152317e+00
-2.3536362341e-01
1.9579012739e-01
1.2560948596e-01
1.5298472899e-01
-1.3057060037e+00
6.3316228273e-01
5.2423834954e-02
3.5997574454e-01
-1.0024956227e+00
9.1203732935e-01
1.0107828072e+00
4.8793835339e-01
-2.9638246280e-01
1.3660102689e+00
7.0470606571e-01
6.0302250133e-01
1.2847552705e+00
-7.5687570556e-01
-1.2862779997e-01
1.0057367733e+00
-4.3953121147e-01
-1.2200215722e+00
2.0560781025e-01
5.5134267079e-01
-4.9394412881e-01
2.2611405460e-01
6.0388851738e-01
2.8577532141e-02
5.6635575472e-01
-1.2879907998e-01
-4.4095410877e-02
2.0167949733e-01
-4.2453204626e-01
7.1443688680e-01
9.8433440008e-02
-1.2054945129e+00
-5.0037915318e-01
-5.8779315692e-01
5.0868111505e-02
7.7742142869e-01
-1.1687358212e-01
-2.4443226342e-01
-4.7790686637e-01
1.0251742152e-01
2.7885791056e-01
-6.1783083984e-02
-8.1078102665e-01
1.2170027420e+00
8.4615020852e-01
-6.6225450842e-01
-1.6765988122e+00
8.2901831729e-02
8.9261124095e-01
-5.2280678941e-01
-5.5916261135e-01
-6.3136820998e-01
-1.9254473208e+00
5.3777149496e-01
1.0608504896e+00
-3.4760119217e-01
2.0347759215e-02
-4.4114331604e-01
1.9467471233e+00
-5.6325649291e-02
3.4629266080e-01
-4.1887513084e-01
1.0687343153e+00
-7.5869754793e-01
1.5587154509e+00
8.0075258402e-01
4.5751459809e-01
-1.4500514958e+00
2.3200148336e-01
2.4986199260e+00
4.5635694519e-01
-5.9542308650e-01
-1.9016981808e-01
3.1124756327e-01
-3.0216502687e-01
-5.4029812587e-02
6.5533405898e-01
9.2176189655e-01
6.8701049780e-01
1.3089309876e+00
1.0306488762e+00
-7.2414323889e-01
2.6718651944e-01
3.0732007410e-01
-5.1574076623e-01
-9.8172650218e-01
-1.1621113211e+00
2.4011469958e+00
-8.3272344468e-01
-1.9850372664e-01
-6.9825481751e-01
-1.2209604809e-01
-8.8269446410e-01
8.0421018549e-01
3.1738904173e-01
-1.3988023521e+00
-1.3066913239e+00
-1.5390704377e+00
-5.4631419140e-01
-4.9410345728e-01
5.0614698653e-01
1.7114312910e+00
-1.9930984743e-01
1.5898326618e-01
6.2799273294e-02
-3.0603994045e-01
-1.0944719501e-01
-1.3946368479e-01
-5.6137178994e-01
8.2121152369e-01
-1.5310112840e+00
9.1813543125e-02
1.2113955660e+00
-1.2649882238e+00
-1.4144881801e-01
1.0001023350e+00
-2.1017074088e-01
-1.0889758495e+00
-1.0428561717e+00
-1.5518591989e-01
1.2549594153e+00
-4.1028979316e-01
-9.6516600843e-01
-6.1654204416e-01
6.2814364307e-01
2.7890785741e-01
-6.0126311955e-01
-1.2456918739e+00
1.8837427258e-01
5.8750153168e-01
1.3989105587e+00
-4.8213566651e-01
1.0419338312e+00
1.1421312412e+00
1.2062718379e+00
9.2352109195e-01
1.7283879709e+00
5.2345354360e-01
-3.7871183513e-01
-4.4422264755e-01
2.9901891555e-01
-1.6090426604e+00
-5.2185165253e-01
7.0130609730e-01
-5.2975206046e-01
7.0199467760e-01
-4.2658185810e-01
-1.2482472775e+00
-1.3740781479e+00
-6.1012426483e-01
-3.0523777849e-01
2.4970480190e-01
1.0999472568e+00
-4.2252930327e-01
-1.8368609233e-01
-8.4386082624e-01
-1.5880694693e+00
-4.8659499395e-01
3.7456627780e-01
1.5308198513e+00
-3.4294118208e-01
3.2920434139e-01
4.2433971415e-01
1.8327390709e+00
-7.3449917415e-01
1.8663058161e+00
1.6862545910e+00
-1.1029916470e+00
-1.2696141817e+00
3.7276990338e-01
6.4428025499e-01
-4.7511853599e-01
-6.2515476376e-01
2.5650912293e+00
5.4802103866e-02
8.6720332093e-01
6.1182724740e-01
1.4193215670e-01
-2.1249557011e+00
8.3055269353e-01
-1.9723942484e-01
2.3053182150e-01
9.8147204105e-01
8.5624409535e-01
-1.6878715403e+00
-1.2803880801e+00
7.8644729048e-01
-2.5230069482e-01
-3.8956444864e-01
5.2688187021e-01
3.5607801376e-01
-5.4792919668e-01
6.0871071992e-01
2.5834904189e-01
3.8975351396e-01
-4.9712887030e-01
-1.2979791990e+00
8.8342606391e-01
2.5658459760e-01
6.4438065203e-01
-5.4795129227e-01
-1.4194134177e+00
-3.0481793245e-01
7.8475790191e-01
7.8793778806e-01
-1.1267030790e+00
-1.8732907912e+00
-4.0298852936e-01
-4.6324286172e-01
5.3020473916e-01
-1.8615064833e+00
-2.6345136718e+00
6.1071614306e-02
8.9720394024e-02
-4.4135713001e-01
3.6078690478e-01
-1.3756971163e+00
2.2422170905e+00
5.0747141805e-01
-8.0930025459e-01
1.6470875117e+00
1.0850518620e+00
-1.5387646187e-01
-8.8026606437e-01
-1.0791968136e+00
1.8982277106e-01
-9.2903111675e-02
4.5243942488e-01
1.1884358812e+00
-2.4951650393e-01
-7.1444902749e-01
-2.8525615994e+00
-1.0850698221e+00
-2.1058325309e+00
-4.7856319734e-01
3.6437114296e-01
-1.2631048057e+00
-1.6465708363e+00
2.3651124319e-01
-1.2001999956e-02
2.4255236280e-01
-2.1726355723e+00
-4.8488440904e-01
1.4568294537e+00
5.6927331446e-01
-1.0036660445e+00
-7.3432888901e-01
4.4256095190e-01
1.6740561915e+00
1.5523950149e+00
6.9297581821e-01
8.1486998472e-01
-1.2221278830e+00
7.9968371110e-01
-1.9022185486e+00
-6.4624903678e-01
-8.3676267109e-01
2.5670413678e-02
-2.9836266157e-01
6.6276393062e-01
3.9437029123e-01
-1.1734771030e+00
-1.1881827208e+00
-1.9974936875e+00
-1.1354696211e+00
-4.9312198105e-01
-1.4553978605e+00
-1.6668667007e+00
7.8446405174e-01
1.2477863006e+00
-2.1981765002e+00
-5.5002229444e-01
7.8752898582e-01
5.9489725064e-01
-1.1268467553e+00
-1.0377871102e-01
5.3551873706e-01
5.9336888891e-01
-1.8003178841e+00
-1.0975511850e+00
1.1173358218e-01
5.6144188439e-01
-1.1796209092e+00
1.4879269108e+00
1.1607886606e+00
3.0602055081e-01
7.1367402759e-02
6.8752021507e-01
2.3009483189e+00
-6.8457539612e-01
-2.7649683098e+00
1.0157459841e+00
-1.2669474683e+00
6.8672493935e-01
5.7387588161e-01
1.0680706565e-01
2.5622997014e+00
-1.7454847787e+00
4.4561267198e-02
1.1790865134e-01
4.1048235634e-01
2.7747851354e-01
-7.9998014687e-01
-5.8352266719e-01
1.5676457927e-01
7.4270189058e-01
1.9595287893e+00
-7.4866145730e-01
6.6594756061e-01
-2.3170567390e+00
1.0671410260e+00
-6.3128739822e-01
-6.8697302012e-01
-4.9302224743e-01
-6.2593113059e-01
2.0323552570e+00
8.8565497412e-02
-8.1839510639e-01
-9.5957176404e-01
-1.1743782260e+00
1.8176372163e+00
-9.0540076519e-01
-8.7992661600e-01
5.5386578412e-01
1.1250335873e+00
2.2830668631e+00
5.3895028093e-01
-1.4175918788e+00
1.6581286604e-01
-6.6715104360e-01
-1.5829663140e+00
-4.6561821514e-01
5.2135053312e-01
1.1925694089e-01
7.8423596218e-01
-6.9989470392e-01
2.8484507379e-01
6.6638437255e-01
1.0865168102e+00
1.5296422311e-01
-5.9683600788e-01
9.4388127543e-02
-1.0705440812e-01
9.3799932519e-01
-4.5951652254e-01
8.5409698621e-01
-3.1414268398e-01
5.0641273101e-02
-6.2426110676e-01
-1.6739385083e-01
-7.9776452343e-01
-2.7889880094e-01
-3.6548913861e-01
-4.1998021919e-01
2.7626022885e-01
-1.4116952438e-01
-2.3654153218e-01
-4.1943936009e-01
2.6935110985e-01
1.2419651513e-01
-8.6464927467e-01
9.2972960368e-01
-8.9843931061e-01
1.3828173078e+00
-7.7254251978e-01
5.6015800439e-01
-6.6335007445e-01
6.3973543243e-01
-4.9702766824e-01
8.0014562791e-01
1.8094913324e+00
-9.3851908583e-01
6.4744740598e-01
6.3356872098e-01
7.3397373820e-01
-3.3732789426e-01
-5.6317694854e-01
-1.2768862774e+00
8.4079517618e-01
-5.8895336707e-01
-1.5723964272e+00
5.9849456518e-01
2.9221271575e-01
-5.6519065877e-02
1.5327964280e+00
-3.0549651538e-01
-6.0706947647e-01
-8.4807533067e-02
5.3816698339e-01
1.0036855113e+00
7.8749929926e-01
-1.0270917632e-01
1.2257097684e-01
-1.6578538117e+00
-2.7836989395e-01
-1.4862291928e+00
1.9107341852e+00
-1.6550140910e+00
-1.7338945745e+00
-2.0584494889e+00
-1.1839713775e+00
6.7424564211e-01
-1.8169532659e+00
2.2166781381e-01
1.0358008174e+00
1.0446182693e-01
4.2819999318e-01
5.6084330408e-01
-2.8988819010e-01
-1.1641685771e+00
-9.2361682473e-02
-6.4874012182e-01
1.6285708764e-01
-2.5079463027e-02
-1.0039511800e+00
-1.1807278204e+00
-2.0700954944e-01
1.6317982921e-01
-1.3581887831e+00
-2.1383791692e+00
-1.1013094149e-01
-1.8016713213e+00
-5.3695577341e-01
-1.2468084225e+00
-2.1574161236e+00
2.2915721459e-01
-1.2940716816e+00
1.1867689835e+00
-2.2483766628e-01
1.7072204729e+00
-2.5427802485e-01
-7.8805104409e-01
-3.7548616538e-01
-4.7756131357e-01
-3.3394584725e-01
-1.9819653287e-01
-6.1436292368e-01
-1.0361722451e+00
-1.2297571330e+00
9.3663621493e-01
-1.4580066602e-01
2.8608927933e-01
6.4035295423e-02
-8.6920819170e-01
1.6415022771e-01
-8.4207389381e-02
1.4891742016e-01
-4.2406415825e-02
1.5940421583e-01
-9.5485621489e-01
7.4097445530e-01
-3.2579755649e-01
7.5323580909e-03
-9.9956857208e-01
-1.6012171328e+00
-3.4982444874e-01
4.3311099217e-01
2.5122574938e-01
1.4229364680e+00
-7.7194241542e-01
-1.9787578930e-01
