-5.0955407385e-01
2.7319496394e-01
-8.0860637811e-01
2.4772816037e-01
7.8603268426e-01
1.4092453829e-01
2.3598832706e-01
1.9822869087e+00
1.2583988233e-01
6.1814138921e-01
-4.9441392006e-02
1.4180823682e+00
5.3808890765e-01
7.5561097451e-01
1.3996580157e-01
-2.9824352527e-01
-1.8540896377e+00
-2.3056768824e-01
7.5181853878e-01
-1.0896629761e+00
-6.0474744895e-01
-8.1577272075e-01
2.6671786631e+00
-1.1043116252e+00
-3.2703579293e-01
-1.9256281687e-01
-5.8135098644e-02
-6.4632940502e-01
-4.1516370117e-01
9.9284122443e-01
1.6522914552e+00
2.6573389870e-01
-5.7168851254e-01
1.5770627105e-01
4.5038365588e-01
2.6083328868e-01
-1.8319083738e+00
-1.3056430478e+00
6.1459295023e-01
-2.0392700421e-01
-1.5251295404e+00
2.8430253876e-01
-1.4809755071e-01
-1.2656059559e-01
1.0772859978e+00
3.9165838551e-01
-5.2268509506e-01
-8.2328527314e-01
1.2841646013e-01
-5.9386799375e-01
-2.7336701434e-01
2.8335621471e-01
1.0040070781e+00
1.6234710752e-01
-4.6145732863e-03
-1.1265470736e+00
-1.7784298325e+00
-1.0049633690e+00
1.3205813907e+00
-1.1912092991e+00
-2.8822093377e-01
5.4371657271e-01
1.5106662117e-01
9.8148735734e-01
-3.5514078321e-01
-1.0340055282e+00
1.6498387145e+00
4.5750649499e-01
-2.4747525430e+00
-1.1198452533e+00
8.3779375619e-01
-1.0710242987e-01
-1.3062046377e+00
8.7208065246e-01
3.1410030192e-01
1.1595441780e+00
-9.3416557746e-01
-2.1524088144e+00
-3.3538581748e-01
-2.1466731289e+00
-1.2155730239e-01
-5.1261461137e-02
3.2447985598e-01
-8.0516037044e-01
6.0987109667e-01
1.8859152059e-01
1.5672232516e-01
4.8208417331e-02
-6.3457439407e-01
3.9453057173e-01
1.7439781497e-03
-5.7303401672e-02
-7.0246040276e-01
-1.2097490088e-01
-1.2493577141e+00
1.1615331893e+00
-7.5774165893e-01
4.1018836033e-01
-6.9072586059e-01
-1.2738507439e+00
1.4859949117e+00
1.3753601070e-01
5.6463155428e-01
-1.3992548289e-01
-2.6026769870e+00
2.8807964652e-02
-6.6800851857e-01
-6.6081434945e-01
-1.0401378233e+00
-1.6666107061e+00
8.6236009460e-02
-2.3816248611e-01
-2.4901341273e+00
3.8404423770e-01
5.5604243152e-02
-5.6442622646e-01
-8.8692069930e-01
-8.4411692625e-01
8.3426399556e-01
-7.4906159860e-01
7.3912094763e-01
3.5278357568e-01
-1.1065851399e+00
8.3798816972e-01
-1.2018068785e+00
2.1912466173e-01
1.1450824407e-01
6.6572916720e-01
-2.7967569774e-01
-1.5163293839e-01
-1.5139130268e+00
1.1131858134e+00
-2.4155036321e+00
-7.7812369671e-01
-1.5101760910e+00
1.4201445187e-01
-3.5839429520e-01
1.4480146715e+00
6.1015870713e-01
-8.5032052434e-01
-2.8696293425e+00
-1.2134681219e+00
1.0779488911e+00
1.5023511298e+00
2.9860052292e-01
2.0780313934e+00
-1.3260968004e-02
1.5098047923e+00
1.4410938349e+00
4.3513123072e-01
9.0457286550e-01
-3.3954427268e-01
-1.3877171296e+00
-2.3682578925e-01
-1.5353643925e-01
-1.7521599741e+00
-1.5786935652e-01
-3.1230252987e-01
-8.9276155760e-01
-2.2298136612e-01
9.5623340924e-01
7.6298306327e-01
-2.7023149907e-01
1.5016864781e-01
2.9696127932e-01
6.2485797954e-02
2.1197723448e+00
1.1915225603e+00
-1.4293331101e+00
2.9626571192e-01
-1.4518752636e+00
-1.0867906360e+00
-5.7120232608e-01
-1.3908668032e+00
6.3241527922e-01
4.3646947402e-02
-1.2811348296e+00
1.4522325380e+00
-1.3768324266e+00
-4.3798652164e-01
3.3374389784e-01
5.6884214009e-01
-1.4808488699e-01
-4.9397121437e-01
-1.5491988532e+00
-8.0991134062e-01
-2.7466051549e-01
1.8776204476e-01
-9.5870095250e-01
8.2667222224e-01
6.0300420000e-01
5.2805872686e-01
1.0320893223e+00
8.5485788604e-02
-3.5769318641e-01
1.1271764026e+00
-8.7114569807e-01
-1.0531186263e+00
-1.7208579860e-01
-1.1214229605e+00
-2.4873818606e-01
-7.0235138874e-01
1.0671490624e+00
2.3901980486e-01
-3.8913980499e-01
7.9754792895e-01
4.0267060795e-01
6.5180950370e-01
2.7760812820e+00
-1.1407400634e+00
-2.0423483459e+00
4.6997514955e-01
-1.5570513666e-01
1.5431880169e-01
4.0015418152e-01
-1.8250847854e-02
-1.7973210957e+00
-4.9530012227e-01
-2.2983619063e+00
-1.5151408805e+00
1.3332160734e-01
3.1160369787e-01
8.3964286983e-01
-2.2629879498e-01
-1.0669173541e+00
-6.7727812293e-02
-3.3082115155e-01
1.4981873711e+00
1.3357603828e+00
7.0781501634e-01
-3.4055161946e-02
2.9702752623e-01
9.2489182652e-01
1.0333016268e+00
9.0035226720e-01
7.4783647415e-02
-3.8164396921e-01
3.7925656725e-01
-3.5494195405e-01
9.4678708565e-01
-1.0885274247e-01
4.2874334127e-01
-4.5970131855e-01
1.2616112524e+00
-2.6694026542e-01
7.4058945857e-01
-4.2936290781e-01
2.4352616386e+00
-2.7731015853e-01
-1.2217695567e+00
-4.2063913994e-01
-9.2555569469e-01
8.2533341901e-01
-8.4431756729e-01
-2.1060013233e+00
-4.5376621824e-01
1.6773232151e+00
-8.5415801442e-02
-1.9046064224e+00
5.6914986010e-01
1.0296893805e-01
9.3156395202e-01
1.8867179000e+00
1.0010888161e+00
-5.3023867633e-02
-1.0263944697e+00
6.5087398259e-01
-3.8827615596e-01
1.6595318988e+00
-4.8264063727e-01
-6.8165736416e-02
4.2348849987e-01
2.7191413205e-01
6.6092968343e-01
1.3089157517e+00
-6.9942479182e-02
1.0563914485e+00
-2.0759831835e-01
-3.5919774005e-01
-1.5718851233e+00
7.2597801844e-01
4.1618621632e-01
-7.4975352811e-01
-2.5701628876e-01
6.5532223598e-01
-3.9745654233e-01
-1.7861678142e+00
5.7072630316e-01
-5.5940301817e-01
-2.1861738691e+00
1.0896075490e+00
8.2340737887e-03
4.2842294184e-01
-6.0658036976e-01
-2.5262213848e-01
-2.0900667960e+00
-7.0923660512e-02
5.8325246365e-01
-1.0953186077e+00
3.3073041163e-01
1.0696205822e-01
7.7993886521e-02
-9.1752298717e-01
7.8154021506e-01
2.0616463168e+00
2.3022981841e-01
8.7571656896e-01
2.6034505165e-01
3.8510768567e-01
1.2968712769e-01
5.7422399543e-02
8.3263112713e-01
1.3896031223e+00
-1.3812850486e-01
1.7106547600e+00
4.7346312069e-01
-8.5096729319e-01
5.4523149022e-01
2.7998112332e+00
1.5007286711e-01
-1.1055690151e-01
8.7600498968e-01
1.0681770589e+00
5.9707240923e-01
-1.1575595548e+00
-3.1205987692e-01
2.8608283142e-01
-2.6248888047e-01
1.1548296075e+00
-9.2824747004e-01
-1.1646745947e-01
-1.8932343342e+00
1.1216044189e+00
-1.6200768944e+00
-2.0107922868e+00
9.2774864276e-02
3.5706390657e-01
4.9635846498e-01
-5.8138991533e-01
7.4459713437e-01
4.9459763345e-02
-1.4136370178e+00
-5.0294783845e-01
1.0258535438e+00
-8.0229616609e-01
-8.2603479946e-01
9.0473748324e-01
1.5683515122e+00
6.4870320044e-01
7.2998745061e-01
-9.2397562513e-01
2.4791574219e+00
1.7204115153e+00
1.4703874009e-01
1.5697192224e+00
1.2203789564e-01
-4.6675770970e-01
-4.9825699102e-02
9.7948031782e-01
9.4909015121e-01
3.7082898339e-01
-9.6411101322e-01
-1.1119899769e+00
-4.7679056670e-01
-1.6894636653e+00
-4.8568688182e-01
-8.0834642719e-01
-1.8090621548e+00
-1.1475315600e+00
6.8483936833e-01
1.2935165774e+00
-2.9712795632e-01
-6.7646128307e-01
-1.2436730816e+00
-1.4389980640e+00
7.1007795235e-01
-1.2467441004e+00
1.2942691347e+00
-1.9875494088e+00
9.8840217961e-01
-1.1743127716e+00
1.1256136202e+00
-3.5472476518e-01
3.7230454127e-01
5.0873725572e-01
4.8208124893e-01
1.2384596208e+00
4.0917592215e-01
5.8971106416e-01
-9.7391502694e-01
-1.4926960077e-01
-7.2431333827e-01
-7.2855053316e-01
-8.6178297922e-01
-7.9487334263e-01
5.0367396522e-01
-2.9097858456e-02
2.4735362270e-01
-5.9263604593e-01
-9.4900300954e-01
-1.4129032893e+00
-1.0166251047e+00
1.1725325559e+00
-1.2180429592e+00
1.7111836724e+00
1.4426856390e+00
5.6822806672e-01
-1.1750259990e+00
-9.7041509335e-01
8.1820742145e-01
1.1774182876e-01
-1.1737010820e+00
5.5766769066e-01
1.3258101270e+00
-3.7769558255e-01
7.7833280536e-01
-8.0548990837e-01
-1.5799468711e+00
6.0457195210e-01
-2.4236770696e-01
-2.1016563296e-01
-2.1161092631e-01
-2.1229906489e-01
1.8076573377e-01
1.1731643105e+00
-1.0549238682e+00
-6.8834709184e-01
-1.0317269859e+00
-2.4752880861e-01
-9.0123413194e-01
2.2456980915e+00
5.5142418541e-03
2.4135660927e-01
-6.2023459225e-02
-5.1635932457e-01
9.0440138067e-01
-1.1980692726e+00
-1.2680534488e+00
-3.0652887356e-01
-2.7255612752e-01
4.0992407768e-01
-8.7474123928e-01
-1.4985480224e+00
-2.9438054665e-01
-9.7187657482e-01
7.1444258567e-01
3.9052777978e-01
-1.3066759470e+00
-3.4863558699e+00
2.9792605189e-01
-2.3001807748e-01
5.3295076052e-01
-3.1511895695e-01
-5.0286690097e-01
7.1214144371e-01
1.5058801491e+00
-1.7755826875e+00
-1.2586769110e+00
2.4436856175e-01
2.8003524007e-01
2.9985909948e-01
1.2824695717e+00
-4.0673765442e-01
-7.1441934265e-01
3.5491066354e-01
-2.5995460475e-01
-2.0571128765e+00
-6.4430821658e-03
-1.2861822522e-01
-1.4138330808e+00
-2.0099897240e-01
8.5046657939e-02
9.2677025121e-01
-2.8176424112e-01
-1.4825790023e+00
3.7219022717e-01
-4.7023842799e-01
-9.8792472567e-01
1.2521057877e-01
-1.8285495354e+00
-1.6319790571e+00
3.4195875488e-01
-6.5882240286e-01
1.2727906330e+00
5.6451899289e-01
-9.2581960949e-01
1.1922924422e+00
-1.4282538529e+00
-1.6784694774e+00
9.0879224274e-01
1.1848749584e+00
-1.1530068376e-01
-5.9998493895e-01
5.4851458096e-01
2.0388317310e+00
-6.8469346141e-01
1.1465305228e+00
-2.0745189870e+00
-1.5056161966e+00
1.8981199496e-01
7.1431943934e-02
5.3772169427e-02
-1.3102247420e-01
1.9668145496e-01
-1.8493409132e+00
-1.1250927666e+00
4.5389082436e-01
-4.0701034909e-01
-1.3125378204e+00
3.4680112887e-01
1.0795421141e+00
-1.0264034738e-01
-1.1255008045e+00
8.4696270337e-01
-1.9516010579e-01
-1.1292060696e+00
3.3750355561e-01
2.5404729618e-02
-2.2112535626e+00
2.2120240591e+00
2.2150324099e+00
-1.8124924795e-01
-2.8149754019e-01
4.3313958609e-01
-3.4994702933e-01
-1.2289892357e+00
7.5440452608e-01
3.5895282120e-01
-1.0659686821e+00
-8.8180423625e-01
-1.2203189324e+00
3.1354988720e-01
2.3698764328e+00
9.2324553924e-01
1.6796314032e-01
-3.0313005008e-01
-2.1662078035e+00
-7.7716721196e-02
1.9902619504e-01
-3.1555695293e-01
-6.4939260474e-01
-1.3250578721e+00
6.8339028596e-01
7.3814684483e-01
-5.1110037727e-01
-5.3382820862e-02
-8.4059574058e-01
-1.7546549826e+00
8.0774962578e-01
3.7226967150e-01
2.9971990981e-01
-9.2712736123e-01
6.6945125601e-01
-9.1091645261e-02
4.6315558461e-01
-7.7353729602e-01
5.3864195670e-01
6.7150430068e-01
1.1273942665e+00
1.9929349398e+00
1.7099160299e+00
-7.2236012030e-01
-1.4636724209e+00
-1.1913931387e+00
-1.8634934395e-01
1.3514507053e+00
2.2106981593e+00
6.7761486951e-01
-9.3342027228e-01
1.4595209543e+00
-5.2782702880e-01
-1.0272840063e+00
9.5894749144e-01
-8.5394392778e-01
-2.4044772365e-01
2.0380272843e+00
-1.1248236433e+00
7.2443693158e-01
-1.2303071514e+00
1.2210724831e-01
3.6335623601e-01
2.8407825451e-01
-3.5609512404e-01
5.1993194451e-01
-1.3164076828e+00
-8.9566312041e-01
4.7677715295e-01
9.0651120666e-01
-2.3747542654e-02
3.4082535463e-01
3.9886746966e-01
1.0022134194e+00
8.7264914613e-01
2.8715723772e-01
2.7057647778e-01
-1.5453754776e+00
-1.8338522263e+00
1.0029428214e+00
-2.0232597019e+00
4.0739661074e-01
4.7886947440e-01
-1.1321326149e-01
-1.4339299195e+00
4.8370247029e-01
4.5089252251e-01
2.7701013503e-02
3.9792677899e-01
-9.4126969042e-01
6.3449080904e-01
-3.3053457490e-01
-5.0255775357e-01
-9.8891332485e-01
6.6094179837e-01
-1.9303581942e+00
-7.6614333374e-01
-1.3614350011e+00
-5.2407741653e-01
-7.4595438393e-01
-2.2142472121e+00
-1.5190015152e+00
-5.3748795892e-02
2.2234724472e-01
-1.4973741012e+00
-7.4980230731e-01
-1.3778083693e+00
1.5918269944e-01
9.7631109724e-01
1.1364811205e+00
-1.7846611769e+00
-1.6010357053e+00
3.7102288115e-01
1.9726835730e-01
-9.5042480133e-01
2.0808987262e-01
1.7662617948e+00
7.5021287613e-01
1.6902743889e+00
-9.2343124071e-01
8.9163346931e-01
-6.9777414299e-01
3.7537140822e-01
-1.2452835750e+00
1.8770247392e+00
-2.0651836620e-01
-2.1936432608e-01
-9.6353506151e-01
-1.5957894510e+00
4.6263413552e-01
-4.2063637953e-01
-8.7294307397e-01
1.0672709567e+00
9.3368039064e-01
-1.0451088036e+00
-3.9026559564e-01
-1.4528460070e-01
1.1171119287e+00
7.9077375025e-01
8.3709737520e-01
4.7887406189e-01
-8.8299562705e-01
-3.0550991209e-01
8.8993526278e-01
9.0814475408e-01
1.3878509161e+00
3.2013916607e-02
8.4143026199e-01
-2.0024359061e-02
-6.3462951836e-01
1.2139902938e+00
-1.4270993313e-01
1.6294509707e-01
-3.4947513919e-01
-3.7574232077e-01
8.7091638569e-01
6.5840742688e-01
8.6806384254e-01
-5.7598015173e-01
1.2267821053e+00
-2.2108186510e+00
6.9768516373e-01
6.7022742922e-01
1.7480228112e+00
1.2729278797e-01
-1.5560070152e+00
2.0051358732e+00
-3.6279601158e-01
2.0120534154e+00
-1.7071573018e+00
6.5809830877e-01
-2.5083379034e-01
1.0037987561e+00
1.0360211758e+00
3.6568587939e-01
-1.4292635533e+00
4.2080471263e-01
-2.2456937841e+00
1.8347649893e-01
-5.1583160242e-01
1.7185416441e+00
-7.1690749252e-01
5.9518345772e-01
-7.6342658218e-01
-3.7551911430e-01
-3.6347953795e-01
-5.6837715826e-01
1.6397808302e+00
-2.2605223991e-01
1.5649978067e+00
1.8521274668e+00
-9.9394875488e-01
2.3173308111e-01
-3.9148241382e-02
-1.2461554237e+00
1.4071223249e-01
9.9079444789e-01
-1.9521699391e+00
-5.4792249888e-01
-1.2786283823e+00
-5.3518321655e-01
-1.4969378362e+00
-1.4500289767e-01
-1.6501472061e+00
-1.3656429581e+00
4.3678697476e-01
-2.1615533542e+00
7.6746225389e-01
2.1804940137e+00
1.3283214864e+00
-1.6924279379e-01
-3.3953330438e-01
-7.4619280171e-01
7.4812846927e-01
2.7406619942e-02
-5.9981037253e-01
6.0938568667e-01
-6.2206603571e-01
4.1347240654e-01
2.3996861077e-01
-8.2157963962e-03
8.1200375373e-01
-5.2845738032e-01
9.5922554508e-01
9.1200686257e-01
6.1084100870e-01
-1.0730137842e+00
4.9863515381e-01
5.1309311334e-02
-8.5322522516e-01
-8.4335636314e-02
1.2126277065e+00
-6.1583410886e-01
2.4522381346e-01
3.7088676738e-01
-6.7485136155e-01
1.9510774131e-01
-2.4222771636e-01
-2.4795203600e-01
-1.5945997935e-01
1.2661635965e+00
9.3893268122e-01
-1.5174712200e-01
-6.2309191887e-01
-1.6977144781e+00
2.1771245596e-01
6.4597595560e-01
7.7350735700e-01
-1.7672049534e+00
-1.6637676008e+00
5.0400186670e-01
-5.3544173116e-01
8.7368214810e-01
-1.1628835426e+00
-1.1078421921e-01
-8.5523075094e-02
3.0469188678e-01
8.4597701787e-01
-8.4237055680e-02
-2.5339331444e+00
7.8576953036e-01
-1.1368887301e+00
9.3799607282e-01
-4.5941972996e-02
3.4625371347e-01
7.7232579440e-01
