-1.0155287636e+01
-9.5947048680e+00
-9.3688719798e+00
-1.0354862037e+01
-9.5127338022e+00
-9.7083047583e+00
-9.0186821536e+00
-9.2623975977e+00
-8.9976681325e+00
-8.9099991850e+00
-9.1999801728e+00
-9.7845048728e+00
-6.7785729910e+00
-5.2948947028e+00
-5.8966892717e+00
-7.8902955064e+00
-9.8592037830e+00
-9.1305692076e+00
-9.4051765954e+00
-9.4999748121e+00
-9.2665060703e+00
-9.5673323470e+00
-8.2943883552e+00
-1.0326574340e+01
-1.0443612631e+01
-1.0658314454e+01
-8.7981862627e+00
-1.0194670445e+01
-1.0567700188e+01
-9.6545400299e+00
-1.0045885478e+01
-8.8488400896e+00
-6.5745290292e+00
-6.0152378212e+00
-6.5226960591e+00
-6.8594916139e+00
-4.7674221752e+00
-4.5860094394e+00
-4.5159550751e+00
-4.5558208773e+00
-4.9251973050e+00
-5.1113735343e+00
-4.7145575124e+00
-4.1061245009e+00
-4.5206087069e+00
-4.6022263752e+00
-4.1709613355e+00
-5.2795865989e+00
-5.0362364172e+00
-5.7652685983e+00
-4.9772753670e+00
-1.0518892236e+01
-9.6795886561e+00
-1.0296768196e+01
-9.1258963204e+00
-8.5210327480e+00
-9.2209293490e+00
-9.7534915752e+00
-8.2992634926e+00
-9.1994091701e+00
-6.7229254144e+00
-5.7860834937e+00
-5.9825777394e+00
-3.9208895010e+00
-3.7822498983e+00
-5.2888248183e+00
-4.8923889447e+00
-4.5211205263e+00
-4.0481554077e+00
-4.1849419217e+00
-4.5517272181e+00
-4.4265495485e+00
-4.8909415315e+00
-4.7549275917e+00
-4.5911749456e+00
-4.9416156368e+00
-4.9488557546e+00
-4.8287553149e+00
-4.7140516697e+00
-5.7280750044e+00
-5.0061764616e+00
-6.2706944045e+00
-1.0324630991e+01
-9.3893403088e+00
-9.7261772449e+00
-8.5513846556e+00
-9.0595569340e+00
-4.5603476545e+00
-6.1980248135e+00
-4.2079688906e+00
-3.9568806538e+00
-4.0703731856e+00
-3.9982005569e+00
-4.4193858775e+00
-4.4803151464e+00
-4.5097310478e+00
-4.1144073504e+00
-3.6007888986e+00
-4.3029607302e+00
-4.3855916780e+00
-4.2380521300e+00
-3.1460229925e+00
-3.4769459122e+00
-4.8618243747e+00
-5.0386849519e+00
-4.4604437799e+00
-5.2251502215e+00
-4.8221138771e+00
-5.0653343081e+00
-5.4144521046e+00
-9.7346627452e+00
-9.2036186757e+00
-9.5598686581e+00
-9.6870364545e+00
-6.1888419898e+00
-5.5174102097e+00
-5.0883716109e+00
-4.1979972437e+00
-3.2535911532e+00
-3.0518429505e+00
-2.9299764244e+00
-2.9654962681e+00
-3.1283371040e+00
-3.2204866344e+00
-2.4537382286e+00
-2.7589181275e+00
-2.2922581773e+00
-2.8145721082e+00
-2.5530783437e+00
-2.5371049518e+00
-3.1537502650e+00
-4.2146583097e+00
-4.1094206257e+00
-5.1411754545e+00
-4.6835471385e+00
-3.3857408488e+00
-4.3930929645e+00
-4.8257522469e+00
-4.3839767509e+00
-5.6419565168e+00
-9.2051846254e+00
-9.6953482633e+00
-5.2751226273e+00
-3.9711326357e+00
-4.3774082080e+00
-4.1316394395e+00
-3.1535418543e+00
-2.7934185240e+00
-1.7359016918e+00
-2.7331151415e+00
-2.8668064782e+00
-1.7199964810e+00
-1.6834295107e+00
-1.7273903206e+00
-1.1602908817e+00
-1.6016027375e+00
-1.4725011906e+00
-1.1805154953e+00
-1.6088048629e+00
-1.7497556369e+00
-2.8921000710e+00
-2.8848596946e+00
-2.8280308098e+00
-3.3892243594e+00
-3.6886723710e+00
-4.4559760350e+00
-3.9001315070e+00
-5.3140964339e+00
-1.0222109537e+01
-9.7618203836e+00
-5.3419034558e+00
-4.1757569826e+00
-3.4934512509e+00
-3.8183556613e+00
-2.7605487383e+00
-1.4895098999e+00
-2.2268670283e+00
-2.1318387329e+00
-1.6949648431e+00
-7.8915192074e-01
-1.0149347255e+00
-3.6485592762e-01
-6.8705190106e-01
-7.8551342983e-01
-9.2530165532e-01
-2.1299456819e-01
-2.6229681310e-01
-1.3984614048e+00
-1.6900861245e+00
-1.9710693779e+00
-2.5022407178e+00
-2.6031332226e+00
-3.8886703014e+00
-4.4685451689e+00
-4.3442741942e+00
-3.8541977832e+00
-6.1488845373e+00
-5.0369892673e+00
-4.6849288815e+00
-3.8259126645e+00
-3.8365061329e+00
-4.4127677656e+00
-3.0322279485e+00
-2.5978070024e+00
-1.6459929189e+00
-1.6734238528e+00
-8.7223982412e-01
-3.7234193589e-01
-1.3890241895e-02
-3.2894252612e-01
-1.8975382948e-01
4.9569020336e-02
-1.1515473608e-01
8.9759880712e-02
1.6559379315e-01
-2.8194895024e-01
-1.1265994900e+00
-1.4235934237e+00
-2.2890308755e+00
-2.3975373986e+00
-3.8341778581e+00
-4.4004766490e+00
-4.8763871791e+00
-4.3204372185e+00
-4.8064947599e+00
-4.9471050544e+00
-4.0379981698e+00
-4.3640095652e+00
-3.2909229797e+00
-3.7118217868e+00
-2.4694314225e+00
-2.3396645105e+00
-1.5939273144e+00
-1.0863112233e+00
-8.3070272644e-01
-4.6686769510e-01
-3.1790241076e-01
-5.5840670113e-01
3.9158342988e-01
5.6756765436e-01
-3.2854779937e-01
-6.5241424100e-01
-3.5398749703e-01
-6.2532442290e-01
-1.2990531727e+00
-1.3146269954e+00
-1.1563640853e+00
-1.9512772358e+00
-3.6162841882e+00
-4.1945276538e+00
-5.2803393976e+00
-4.0575977654e+00
-4.5271257170e+00
-4.7027039607e+00
-4.2966257258e+00
-3.7208798199e+00
-3.5687119305e+00
-3.6049865196e+00
-2.4956727005e+00
-1.6810716662e+00
-8.2456170538e-01
-4.7132037150e-01
-6.3448754951e-01
-7.7734645164e-01
-7.8260078399e-01
-7.5409615130e-01
-4.7395889238e-01
-1.0067151779e+00
-5.1012927412e-01
-9.8532987156e-01
-8.2346798477e-01
-7.7890883238e-01
-1.4842625725e+00
-1.0730119428e+00
-1.3674254344e+00
-1.8983201949e+00
-3.1814321639e+00
-3.4873107938e+00
-4.1811697686e+00
-5.1280069013e+00
-5.2841027270e+00
-4.7861075786e+00
-4.9305933517e+00
-4.0374135154e+00
-3.3395860928e+00
-2.1797539758e+00
-2.4490942721e+00
-1.6701066513e+00
-1.1939139580e+00
-1.0972235915e+00
-9.3729565495e-01
-1.2353170334e+00
-1.2460745956e+00
-1.0409617173e+00
-9.2629449991e-01
-1.0932166700e+00
-7.3840211496e-01
-6.4811845681e-01
-8.5810376654e-01
-7.4819278937e-01
-9.5458815983e-01
-1.6345850185e+00
-2.1156778383e+00
-2.6110120082e+00
-3.4286030920e+00
-3.4609895274e+00
-3.9134786922e+00
-6.0838106695e+00
-4.6828597525e+00
-4.6086498047e+00
-4.1688256265e+00
-3.8027833147e+00
-3.1853099108e+00
-2.9586916305e+00
-1.8124512471e+00
-1.4850461521e+00
-1.2718751283e+00
-7.6292414235e-01
-5.1634398716e-01
-8.5305331636e-01
-4.2181734661e-01
-9.8990074556e-01
-1.7797571454e+00
-8.3949996736e-01
-9.4822466429e-01
-4.8424696184e-01
-8.0371692534e-01
-5.2681132039e-01
-1.0857542957e+00
-1.7143548067e+00
-1.6936172298e+00
-2.5812963798e+00
-3.1117628423e+00
-3.6192122780e+00
-4.5002393464e+00
-5.9297412389e+00
-9.4118250895e+00
-5.5135799077e+00
-4.3374096128e+00
-4.7468250496e+00
-3.2528386712e+00
-2.7552179131e+00
-1.8925707946e+00
-1.5618405882e+00
-1.0739728555e+00
-1.0081186256e+00
-4.2107658448e-01
-4.8148872650e-01
-5.4689141489e-01
-1.8021829484e+00
-1.6580845387e+00
-5.7567969877e-01
-1.7473945257e-01
6.0824386023e-02
-3.8508627556e-01
-1.8965775677e-01
-1.8612630597e+00
-1.5525043445e+00
-1.9710820044e+00
-2.4158983523e+00
-2.7649772146e+00
-3.6540240111e+00
-3.8003963446e+00
-5.2685823833e+00
-9.6365434390e+00
-5.1639725301e+00
-4.4512298012e+00
-4.4859203807e+00
-3.8926054106e+00
-2.9925508135e+00
-2.1454242074e+00
-1.7776533676e+00
-9.7709984340e-01
-1.0034145909e+00
-7.1607928903e-01
-2.0087133584e-01
-6.5034070248e-01
-8.1960273564e-01
-4.0278452916e-01
-2.4391357813e-01
1.9810270927e-01
1.6553298952e-01
-7.5400671466e-02
-6.0374467146e-01
-9.2303314169e-01
-1.8173846493e+00
-2.5195346224e+00
-1.8376530054e+00
-3.1589999329e+00
-3.5566970009e+00
-4.7408022860e+00
-4.7244232257e+00
-1.0360202196e+01
-5.4663733765e+00
-4.4171847594e+00
-4.5352439362e+00
-3.7140664767e+00
-3.3118307079e+00
-2.1114021470e+00
-1.6084776893e+00
-8.9471579189e-01
-7.8246566314e-01
-6.3848078891e-01
-3.3025759325e-01
-6.0805270594e-01
-4.8367125840e-01
-3.7413588083e-01
-3.4822342901e-02
3.8782813536e-02
-6.4976578892e-02
-3.7179949735e-01
-6.7666560096e-01
-1.1831202148e+00
-2.1854919539e+00
-2.4443331831e+00
-2.4604931528e+00
-2.9708624338e+00
-4.1929655738e+00
-5.4960523973e+00
-7.6066472883e+00
-8.8035609911e+00
-9.0762095472e+00
-4.2281175238e+00
-4.3079642612e+00
-3.7896325418e+00
-3.1284945415e+00
-1.4737064699e+00
-1.6296060478e+00
-8.4688862107e-01
-8.9161503634e-01
-1.1452815032e+00
-1.1997190439e+00
8.1171318756e-02
-3.1815480313e-01
1.4550962017e-01
-3.9503459828e-01
8.6284163644e-02
1.8627657357e-01
1.0735894112e-01
-2.9187826462e-01
-1.5650837453e+00
-1.4920116292e+00
-2.3076346364e+00
-1.9212837180e+00
-2.9175302596e+00
-3.2212523215e+00
-4.3319040027e+00
-5.9467867882e+00
-1.0239312519e+01
-4.6921862770e+00
-5.2058260062e+00
-4.4242772439e+00
-3.9011191499e+00
-2.3944643876e+00
-1.7806398420e+00
-2.0964547345e+00
-8.2583448292e-01
-6.0767420471e-01
-4.4681436590e-01
-1.2083123640e-01
-6.3306323149e-01
-5.6682744327e-01
-5.5452251592e-01
-6.0123444869e-01
2.0254863254e-01
-3.1346024670e-01
-1.0045129983e+00
-8.6354182821e-01
-1.2899592571e+00
-9.7149200763e-01
-2.6251829258e+00
-2.8756421173e+00
-3.5383723628e+00
-3.6004517109e+00
-5.2373027058e+00
-5.0761934431e+00
-9.8210098768e+00
-5.7407048405e+00
-5.1030467622e+00
-3.7905032148e+00
-3.1762459472e+00
-2.5014865947e+00
-1.7734946423e+00
-1.1432414216e+00
-1.3942491748e+00
-5.7782098775e-01
-9.3147087322e-01
-7.0340302098e-01
-4.8642334545e-01
-1.1576438688e+00
-1.0871532613e+00
-1.8808032725e-01
-3.6343850254e-01
-8.1422281542e-01
-8.1498930142e-01
-1.0890095378e+00
-1.3397527960e+00
-1.1219494408e+00
-2.0104433100e+00
-3.0087639424e+00
-3.2850951246e+00
-2.7611692372e+00
-4.4101031281e+00
-5.4060500972e+00
-4.6285773425e+00
-7.4747608584e+00
-4.2654212931e+00
-3.6593435767e+00
-3.3390431800e+00
-1.8864551543e+00
-1.8452782727e+00
-1.3332555358e+00
-1.4182157593e+00
-8.3485712931e-01
-9.2850317841e-01
-1.1710228485e+00
-9.7328561263e-01
-6.9567151021e-01
-7.8175661623e-01
-2.5971260127e-01
-3.1827636381e-02
-5.7306762419e-01
-9.1353500217e-01
-7.5880742492e-01
-7.5067727814e-01
-1.5457522372e+00
-1.9657603071e+00
-1.8241460115e+00
-3.1420859974e+00
-4.0138800945e+00
-4.7737468488e+00
-4.8452641735e+00
-9.6491257017e+00
-5.7742845051e+00
-4.2280971719e+00
-4.0622462633e+00
-3.9805210029e+00
-2.1785159447e+00
-2.0920446561e+00
-1.5224556626e+00
-7.1821079566e-01
-9.5184961758e-01
-5.7550097207e-01
-2.6641817327e-01
-3.5015393747e-01
-1.0653889123e-02
-4.8036281817e-01
-1.1317384436e-01
-7.4966956655e-01
-2.9644139139e-01
-2.7511954963e-01
-6.8910754679e-01
-1.2009077888e+00
-1.3757032149e+00
-2.4775799902e+00
-2.1325784383e+00
-2.6795670548e+00
-3.8359008126e+00
-4.3540104231e+00
-5.0647588122e+00
-9.3377003191e+00
-4.5243900024e+00
-3.2715560178e+00
-4.2779921909e+00
-3.2841322837e+00
-2.4840850034e+00
-1.5679250726e+00
-8.4945013786e-01
-4.2629914441e-01
-2.6115905498e-01
-4.2880074787e-01
-4.3690057388e-01
-5.6282561213e-01
-2.3796506873e-01
-5.7806464194e-01
-4.1883402231e-01
-1.6501839296e-01
-6.2199344853e-01
-8.4293518160e-01
-9.3007597499e-01
-1.5834682236e+00
-1.7514418919e+00
-2.5824248492e+00
-2.3687204374e+00
-3.1747846710e+00
-3.6575663670e+00
-4.5257706805e+00
-8.9161888376e+00
-9.3708171182e+00
-5.1933462495e+00
-4.7493360570e+00
-4.2423989514e+00
-3.4575809066e+00
-2.5088566446e+00
-1.5887188419e+00
-1.4997749497e+00
-8.1893210446e-01
-5.9286024726e-01
-2.0937059575e-01
-4.4156358200e-01
-1.7509360687e-01
-4.5107345379e-01
-3.4670897196e-01
-3.0052464383e-01
-2.9469996251e-01
-1.0119929998e+00
-1.5760669813e+00
-1.9195238500e+00
-1.8012772891e+00
-2.4961952000e+00
-2.8278522494e+00
-3.0772785070e+00
-3.3706860373e+00
-3.9700048919e+00
-5.2031852356e+00
-9.8881292611e+00
-9.8510429297e+00
-9.4544811398e+00
-4.5482866856e+00
-4.0898118240e+00
-3.3995981935e+00
-2.5548779390e+00
-2.1879615975e+00
-2.1179828840e+00
-1.4410398795e+00
-1.3409857430e+00
-6.2697235263e-01
-6.5777841682e-01
-5.7504028867e-01
-8.7979453986e-01
-1.1889829311e+00
-7.6825108196e-01
-5.4555157795e-01
-1.6104878386e+00
-1.1763021918e+00
-2.0328276183e+00
-2.4735138252e+00
-2.8329912374e+00
-3.3101485313e+00
-3.5275370489e+00
-4.0784063919e+00
-4.1364769548e+00
-5.5708464046e+00
-8.6372720729e+00
-9.6002040303e+00
-9.1502116268e+00
-5.3885207169e+00
-3.7801939468e+00
-3.5705053627e+00
-3.8316968922e+00
-3.6852336057e+00
-2.8527753190e+00
-2.5750385094e+00
-2.1637289867e+00
-9.2279780702e-01
-1.2632874991e+00
-1.1706053506e+00
-1.1986324844e+00
-9.9426139645e-01
-1.4500438498e+00
-2.0353974903e+00
-2.2926020184e+00
-2.5444451370e+00
-2.9065123586e+00
-2.6857311132e+00
-3.4903385980e+00
-4.1301594110e+00
-3.6307287137e+00
-5.0539762538e+00
-4.8546490929e+00
-6.4849970177e+00
-9.1137802080e+00
-9.5015739674e+00
-9.5519501288e+00
-4.8616587850e+00
-4.5382113016e+00
-3.9498293109e+00
-4.0580799199e+00
-3.9856369893e+00
-3.6010703476e+00
-3.7261467691e+00
-3.2492414298e+00
-2.1962740664e+00
-2.6585976277e+00
-2.6900691734e+00
-2.2613804577e+00
-2.5479945874e+00
-3.3085509618e+00
-3.2979652845e+00
-2.6148498520e+00
-3.3680919349e+00
-4.0675738097e+00
-3.4379625123e+00
-4.3893633658e+00
-3.6650258812e+00
-3.8499001060e+00
-4.6115716959e+00
-6.0479508340e+00
-9.7439813106e+00
-9.5555875727e+00
-1.0046011385e+01
-1.0261516765e+01
-5.9268573780e+00
-6.0390457740e+00
-4.4198456928e+00
-4.5725436424e+00
-3.8719406876e+00
-3.7857744226e+00
-4.3958581953e+00
-4.5281511693e+00
-4.3402578965e+00
-5.0257895028e+00
-4.1508338432e+00
-3.8791159013e+00
-4.8230099119e+00
-4.7162085977e+00
-4.1970189075e+00
-3.8624506773e+00
-4.6121445229e+00
-5.0185213091e+00
-4.2515723878e+00
-4.3948040515e+00
-4.6245303878e+00
-4.6114149501e+00
-6.0275724939e+00
-9.0719942229e+00
-9.7227986281e+00
-1.0078410392e+01
-1.0369540190e+01
-9.7857013168e+00
-8.6238749728e+00
-1.0115527567e+01
-4.2984975758e+00
-4.7261025833e+00
-4.0229783208e+00
-3.8301040293e+00
-4.8290598912e+00
-5.8253059901e+00
-5.0052936336e+00
-5.0227537666e+00
-5.3964562872e+00
-4.5209512783e+00
-4.7118935993e+00
-4.2492342363e+00
-4.3220503005e+00
-4.7704590115e+00
-4.6863392517e+00
-4.2805782271e+00
-5.3613417808e+00
-5.3558199420e+00
-4.8711802919e+00
-5.9247712268e+00
-6.2169480194e+00
-9.4942513147e+00
-9.3013592283e+00
-1.0558356067e+01
-9.7616883328e+00
-9.8022354603e+00
-9.6733317018e+00
-9.8490053644e+00
-9.9689727599e+00
-9.1727737654e+00
-5.2249014113e+00
-4.5647751585e+00
-5.5226825472e+00
-4.1605584136e+00
-4.7744728018e+00
-4.7347295590e+00
-3.8104077021e+00
-4.8097170123e+00
-4.8921987548e+00
-4.6572777790e+00
-4.5431547671e+00
-4.4529156884e+00
-4.2579701648e+00
-5.1661624507e+00
-5.0893698148e+00
-5.5221877161e+00
-8.9733677196e+00
-9.6860042235e+00
-9.4398028457e+00
-8.9189636254e+00
-9.5581099399e+00
-8.5964923578e+00
