2.5284643772e+00
-4.9438809402e-01
-2.2846543284e-01
9.6403527650e-01
-1.2047131351e+00
-1.9200670303e-03
1.4007763416e+00
9.0464633297e-01
1.2787410361e+00
1.2864993108e+00
-4.3010714680e-01
3.1571853452e-01
1.0657744356e-01
9.2571181515e-01
1.0081597835e+00
-5.9381221824e-01
1.8559646602e-01
1.4966226700e+00
1.7595189869e+00
2.6409865395e-01
-2.1212328538e-02
-1.2152695146e+00
4.5592488858e-01
-2.6408433014e-01
4.0812802866e-01
1.3702873739e+00
5.9771541698e-01
1.6707811500e+00
5.4950819265e-01
-2.7509399598e-01
-3.9737860093e-01
7.0004363243e-01
-1.4869608951e+00
5.0638251058e-01
-5.2647379690e-01
-7.7599331183e-01
4.4260340776e-01
1.3103496244e+00
1.2730380305e-02
1.4533817634e+00
7.5079975701e-01
-4.4960000403e-02
-1.9928326470e-01
1.0425017635e+00
-4.3552828018e-01
-1.3610435477e+00
-1.2777307482e+00
3.0860933386e+00
-1.5450168462e+00
-4.0954401674e-01
5.0898781667e-01
1.0586207498e+00
-8.6265455219e-01
-1.7460938536e+00
1.7905766616e+00
6.3477550216e-01
-3.8331783515e-01
1.4647530832e+00
1.0279369740e-02
4.8314861084e-01
1.5720502119e+00
-1.7733607757e+00
-9.2214824858e-01
-4.9855985022e-01
-1.4344891766e+00
1.4105229446e+00
-8.1226132131e-01
1.6627665348e-01
8.0555169830e-01
-1.3082307479e+00
-1.8663242259e-01
-2.7337260073e-01
-1.9236829130e+00
-2.0241329873e+00
7.2252907682e-01
1.0062893150e+00
-1.9687393686e+00
4.5731341478e-01
-6.5811812421e-01
-6.4411785204e-01
-7.6296174584e-01
1.6370571456e+00
1.1883855794e+00
1.2983732717e-02
-2.5792010618e+00
-4.9828671461e-01
-1.0041066025e+00
-4.6137025700e-01
6.1069097267e-02
9.7945778793e-01
7.0011024851e-01
2.8419847459e-01
-5.6456842466e-02
6.6424408080e-01
-1.6938357618e+00
1.7930276957e-01
-1.4090970866e+00
1.1970135584e+00
3.1198939152e+00
7.8921366695e-01
-6.3323268568e-01
-7.7282400969e-01
-7.9189017714e-02
-1.5219089805e-01
5.6676636556e-01
1.3540277570e+00
-5.2102825584e-01
1.0047536352e-01
6.9376467965e-01
1.4315974657e-01
8.4142722886e-02
-8.6980796638e-01
-6.9212391057e-01
1.1262674221e+00
-2.4848146377e-01
-2.5121873588e-01
-1.3864679128e+00
-1.1899766695e+00
-7.5112349426e-01
-2.0407027950e+00
-3.3027105614e-01
-5.8807239076e-01
-1.6845999312e+00
5.5624979074e-01
1.3653813447e+00
-2.0902877537e-01
-1.2240747769e+00
6.6307490306e-01
-9.1278428513e-02
-5.9913666663e-01
-1.5671398697e+00
5.5428905128e-01
1.4808084949e+00
-1.0975747106e+00
7.7537625151e-01
1.6362467000e+00
-1.9039103023e+00
-9.1504375235e-01
6.9153110451e-01
-6.3821746392e-01
7.1042937711e-01
-4.8265206041e-01
-4.4355737383e-01
-1.2865107396e+00
3.9243120257e-01
2.5237351897e-02
8.4537460033e-01
1.1453543427e+00
-1.4667499611e+00
-3.8886390938e-01
1.6985605964e+00
-2.1915086402e+00
-1.9533319504e-01
3.4150314259e-01
-1.0282735826e+00
2.8436386791e+00
-4.8701508730e-03
-9.6286509188e-02
5.3176784157e-01
3.6993656819e-01
7.8649126249e-01
8.2468754326e-02
1.5575984768e-01
1.9199163383e+00
4.0542326507e-01
2.2463997859e+00
5.0145986173e-01
4.1699826499e-02
-5.3452456828e-01
