9.6395127080e-02 1.9244574186e-01 1.4523073754e-01 1.9933262250e-01 2.1367731202e-01 2.6095043875e-02 -1.1567063276e-01 1.7848334491e-01 4.7689652832e-02 2.1532677675e-01 -1.4555604717e-01 -5.4469521341e-02 7.0386069728e-02 -6.0637760707e-02 2.9577282447e-03
1.4246844244e-01 2.9927598144e-02 8.6700356358e-02 2.9680421930e-02 -1.2798085663e-01 4.7768464211e-02 -3.8665238627e-01 -6.3061171373e-02 2.8852498962e-02 -1.7151263778e-01 -4.4003240815e-02 -2.4263477610e-01 6.8775758698e-02 -4.1106049838e-03 -8.6273218589e-02
2.8522323656e-01 4.8048239089e-02 -2.4769793292e-03 -8.5626481549e-02 2.9041839753e-02 -1.5495661465e-01 -1.1438312003e-02 8.8516941080e-02 4.2385428372e-02 2.7074646124e-01 -7.6227407133e-03 -6.7438484877e-02 -1.1211653300e-01 1.6404866011e-05 -4.0084051509e-02
-9.1320999032e-02 1.3663422519e-01 1.7921339086e-04 -1.8704126681e-02 4.0286950885e-01 -1.2569415854e-01 2.8257984898e-02 -2.9166347361e-02 -3.8794915259e-02 -1.8139875924e-01 -1.0596593302e-02 5.6379027372e-02 -2.4625923859e-02 -1.3713595220e-01 -2.2785664727e-01
6.7230297292e-02 -1.0661725181e-01 -6.5892198828e-03 -5.7290867924e-02 3.1616204238e-01 1.3316402358e-01 -9.3992406855e-02 6.1595245757e-02 1.0324142159e-01 -3.0556773063e-02 -1.8681220741e-02 -6.7655275954e-02 -2.5810407000e-01 1.2203306927e-01 9.2995648017e-02
-6.9860237774e-02 -1.5647474143e-01 -7.2987455132e-02 2.2780462596e-02 9.6397622991e-03 -1.9351572491e-01 1.5776031736e-02 1.0392723655e-01 -2.0379220514e-01 -1.5011657563e-01 -1.2088514725e-02 3.3734533181e-02 -3.6373893369e-02 4.3607828200e-02 7.8153484569e-02
-1.2904329313e-01 -2.3529639729e-01 -4.4062633955e-02 5.7313729758e-02 -8.3612398554e-02 -2.3490033917e-02 3.0637769514e-02 9.0027398611e-03 1.3162868455e-01 -1.2145028716e-02 -1.0551324483e-01 9.5588620839e-02 2.1127618490e-01 2.8553972057e-02 9.1328316782e-02
8.4571838742e-02 1.2249573868e-01 -1.3597449264e-01 -5.1678089456e-02 -1.8869130880e-01 2.1180168834e-02 5.9599252078e-02 1.2563242435e-01 2.0953629370e-02 -5.3393221201e-02 -1.8414051187e-01 -2.8907876592e-02 -9.9342706148e-03 5.8641492130e-02 -1.1713579130e-01
-2.2359644730e-03 1.3681141835e-01 -1.1552526414e-01 -7.0991421897e-02 -6.5622573812e-02 7.9324251364e-02 -2.8984039014e-01 8.0528473178e-02 6.2475572957e-02 6.0857994215e-02 9.9930122901e-03 1.4576370735e-01 -1.6751367296e-01 -3.2621661689e-01 5.7705749338e-02
6.7061991955e-02 -3.9339690636e-02 -1.5524430620e-01 -1.6141454709e-01 1.5690457108e-01 3.0797042145e-02 -7.1238036483e-03 -4.7899704960e-02 -1.0401003940e-02 -2.5507027321e-02 5.1913941653e-02 1.9244440935e-02 4.2078212715e-01 1.6104106181e-02 5.6588752218e-02
