8.5637014316e-01 1.9216458216e-01 -2.5884739252e-01 -5.7507591988e-02 1.1118575981e-03 1.1581822845e+00 4.7996620362e-01 2.2157579883e-01 2.3417534167e-01 -3.0540715704e-01
5.6077007346e-01 -5.1447885825e-01 3.2285900405e-01 2.7433619971e-01 9.2404952857e-01 1.5247811491e-01 -2.2065241196e-01 -4.8855491108e-02 -7.2105322074e-01 1.0078000541e+00
3.4243795363e-01 -6.5374503840e-01 -1.8984727796e-01 3.1330230690e-01 -1.1135648386e-01 -7.9753626515e-01 -8.0669192803e-01 -4.2937631843e-01 1.0211352929e+00 -6.4313061250e-03
-2.0540559908e-01 -9.7891532174e-01 2.7040711541e-01 1.8062641651e-01 1.0085351110e-01 -9.0859289516e-01 -9.3360739431e-01 -8.8978125595e-01 2.7013686556e-01 -6.0220725043e-01
8.7830132821e-01 1.2258979613e+00 1.1292994828e+00 -4.0343629380e-01 -1.9264892425e-01 -5.5130660182e-01 -1.4838176737e+00 -1.7465566255e-02 -2.3790433773e-02 1.2252295214e-01
6.7237584759e-01 1.5347370724e-01 -3.0988439510e-01 8.5303212176e-01 -1.2081887345e-01 -6.9150624479e-01 4.3359596927e-01 -9.2964342345e-02 -6.9633045849e-01 3.7297543084e-02
1.6008155867e-01 -5.5804841604e-01 1.4815057858e-01 -1.5654007244e-01 5.6241492104e-01 7.8705933898e-01 -7.5287999221e-01 2.4020661227e-01 1.3133091919e-01 5.6579945285e-01
-3.0866574832e-01 -1.0146536747e-01 7.4237533299e-01 -6.2662399777e-02 1.5693773006e-01 6.3584281333e-01 -3.5096850784e-01 -7.8681375642e-01 -8.2292070406e-01 -8.4726223415e-01
6.1760931618e-01 1.0177861464e-01 -3.4532761997e-01 8.0864671250e-01 -2.5164763118e-01 -6.2659545845e-01 2.6187956892e-01 4.9856654885e-02 -6.2220258794e-01 -4.6198150987e-02
4.6763143479e-01 -6.7554520398e-01 -5.9120497288e-01 4.4689114600e-01 -7.0773330102e-01 9.7710578268e-01 -1.3039381479e+00 5.8395415227e-01 -3.5593514977e-01 -1.3691566698e-01
-9.1471249916e-02 4.0132614292e-01 -6.4600301776e-01 -1.0855449255e-01 -5.6319490253e-01 2.6938304968e-01 -2.9971751742e-01 9.8831851153e-01 8.2709411658e-01 7.8498826664e-01
-7.4967808661e-01 8.8193402026e-02 7.7246984547e-02 1.7450584424e-02 -1.9737242974e-01 3.1098127773e-02 -6.3469791346e-01 4.0041628704e-01 -9.7242118890e-01 4.1921186504e-01
5.0486761291e-01 -7.4728690438e-01 -3.7552620939e-01 -7.3767337845e-01 5.5709717921e-01 -8.0790430406e-01 -9.6316515917e-02 1.4190969778e+00 -4.5048045000e-01 -1.0396280819e+00
6.5774125861e-01 -7.0726938520e-02 6.4821936328e-03 -1.7231524196e-01 1.1363018791e-01 3.4061245280e-01 4.0195856748e-01 -5.4721595617e-01 8.1840515553e-01 -7.7386320686e-01
-4.3865127531e-01 1.4461357292e-01 -2.4934982282e-01 3.0451395662e-02 -1.1235035211e+00 2.0058558492e-01 -4.5719325081e-01 1.9378814517e-01 -1.8596131627e-01 -9.0579167030e-01
