-8.1889634926e-01 -9.2882837274e-01 -3.5785419589e-01 -3.8297042425e-01 -1.0191971000e-01 -2.5250581919e-01 -9.9272990418e-01 9.7250710367e-01
1.9740633396e-01 -1.9924088416e-01 1.1828519487e-02 -1.0727554112e+00 -2.5775602960e-01 2.9760424878e-02 1.2103887823e+00 8.4625351757e-01
7.4565207232e-01 -1.7926935197e-01 3.2340304613e-01 -3.3053607913e-01 8.6230823011e-01 5.6220888066e-01 -9.2185735722e-02 2.0950502301e-01
-1.0509992050e+00 -6.0770533894e-01 1.6279566173e-01 -1.6711712247e-01 4.5273843748e-01 -6.0857725810e-01 1.1768639215e-01 -8.3249482798e-01
7.5477826457e-01 -1.7039998680e-01 -3.6003650659e-01 4.1616588632e-01 6.4250088565e-01 -1.1512781655e-01 -4.5848164342e-01 6.0315417368e-01
1.2325291895e+00 -5.6808166669e-01 5.5005832068e-01 -2.4354706322e-01 -1.1499680107e+00 -3.2351220709e-01 -4.2869701736e-01 -7.1478646900e-01
1.8550763805e-01 -8.8859199012e-01 -5.8874411197e-01 7.4468047174e-01 -1.7495832976e-01 -3.3890707889e-01 1.0558810457e+00 6.3420868138e-01
-4.1077926373e-02 7.6211499611e-01 1.7761256353e-01 -5.4930640503e-02 -7.7686162919e-01 -4.8473523210e-01 -8.5484963184e-02 7.2913431775e-01
-6.1592861058e-02 1.1884484389e-01 -1.7030245953e+00 -5.0741753064e-02 -5.8010817922e-01 3.7196470551e-01 -2.5476561886e-01 -2.7988540699e-01
6.5143311477e-01 5.9402869987e-01 -7.2018915889e-01 -6.9750460009e-01 3.1654118356e-01 -1.0757960737e+00 7.3763106395e-02 5.3143687333e-02
